1625177027695 0 49
1625177078898 0 99
1625177130707 0 149
1625177181429 0 199
1625177232622 0 249
1625177281017 0 299
1625177312775 0 332
1625177369222 0 332
1625177414290 1 349
1625177477086 1 399
1625177529041 1 449
1625177580764 1 499
1625177632493 1 549
1625177684756 1 599
1625177731293 1 649
1625177747470 1 665
1625177805699 1 665
1625177875692 2 699
1625177926582 2 749
1625177978525 2 799
1625178030522 2 849
1625178082021 2 899
1625178132164 2 949
1625178178957 2 998
1625178235521 2 998
1625178260603 3 999
1625178316919 3 1049
1625178367883 3 1099
1625178418866 3 1149
1625178470570 3 1199
1625178521942 3 1249
1625178570312 3 1299
1625178601447 3 1331
1625178658450 3 1331
1625178713615 4 1349
1625178766823 4 1399
1625178819790 4 1449
1625178871137 4 1499
1625178922887 4 1549
1625178974622 4 1599
1625179021130 4 1649
1625179036506 4 1664
1625179093979 4 1664
1625179162227 5 1699
1625179213798 5 1749
1625179266173 5 1799
1625179317857 5 1849
1625179368848 5 1899
1625179419022 5 1949
1625179465117 5 1997
1625179522813 5 1997
1625179552029 6 1999
1625179615361 6 2049
1625179667291 6 2099
1625179719632 6 2149
1625179770774 6 2199
1625179822669 6 2249
1625179871061 6 2299
1625179901285 6 2330
1625179959432 6 2330
1625180009853 7 2349
1625180064475 7 2399
1625180116498 7 2449
1625180167892 7 2499
1625180219688 7 2549
1625180271111 7 2599
1625180317630 7 2649
1625180332094 7 2663
1625180393213 7 2663
1625180471717 8 2699
1625180523723 8 2749
1625180576200 8 2799
1625180629216 8 2849
1625180681086 8 2899
1625180731164 8 2949
1625180776220 8 2996
1625180835174 8 2996
1625180867069 9 2999
1625180925419 9 3049
1625180977234 9 3099
1625181029087 9 3149
1625181080483 9 3199
1625181131629 9 3249
1625181179721 9 3299
1625181209051 9 3329
1625181265096 9 3329
1625181317801 10 3349
1625181376998 10 3399
1625181428523 10 3449
1625181479892 10 3499
1625181531360 10 3549
1625181582927 10 3599
1625181629338 10 3649
1625181642488 10 3662
1625181701728 10 3662
1625181775139 11 3699
1625181826705 11 3749
1625181878184 11 3799
1625181929961 11 3849
1625181981527 11 3899
1625182031346 11 3949
1625182075256 11 3995
1625182132570 11 3995
1625182163568 12 3999
1625182226417 12 4049
1625182278176 12 4099
1625182330045 12 4149
1625182381401 12 4199
1625182432746 12 4249
1625182480614 12 4299
1625182508434 12 4328
1625182563279 12 4328
1625182612363 13 4349
1625182666703 13 4399
1625182718379 13 4449
1625182770355 13 4499
1625182821749 13 4549
1625182873043 13 4599
1625182919356 13 4649
1625182931734 13 4661
1625182990034 13 4661
1625183064276 14 4699
1625183115644 14 4749
1625183167179 14 4799
1625183218543 14 4849
1625183269966 14 4899
1625183319498 14 4949
1625183362578 14 4994
1625183424830 14 4994
1625183456661 15 4999
1625183521244 15 5049
1625183572622 15 5099
1625183624477 15 5149
1625183675649 15 5199
1625183726716 15 5249
1625183774463 15 5299
1625183801848 15 5327
1625183862217 15 5327
1625183922277 16 5349
1625183973303 16 5399
1625184025661 16 5449
1625184077271 16 5499
1625184128798 16 5549
1625184179719 16 5599
1625184226012 16 5649
1625184237646 16 5660
1625184296464 16 5660
1625184368642 17 5699
1625184420324 17 5749
1625184472302 17 5799
1625184525013 17 5849
1625184577183 17 5899
1625184627440 17 5949
1625184669877 17 5993
1625184730180 17 5993
1625184764438 18 5999
1625184823774 18 6049
1625184875970 18 6099
1625184928451 18 6149
1625184980919 18 6199
1625185033400 18 6249
1625185081307 18 6299
1625185107277 18 6326
1625185162611 18 6326
1625185216631 19 6349
1625185267387 19 6399
1625185318953 19 6449
1625185369266 19 6499
1625185420211 19 6549
1625185471431 19 6599
1625185517734 19 6649
1625185528279 19 6659
1625185587445 19 6659
