1625176942444 0.001 0
1625177369228 0.0009990133642141358 333
1625177805705 0.000996057350657239 666
1625178235527 0.0009911436253643444 999
1625178658456 0.0009842915805643156 1332
1625179093985 0.0009755282581475769 1665
1625179522819 0.0009648882429441258 1998
1625179959437 0.0009524135262330099 2331
1625180393219 0.0009381533400219318 2664
1625180835180 0.0009221639627510075 2997
1625181265102 0.0009045084971874736 3330
1625181701734 0.0008852566213878945 3663
1625182132576 0.0008644843137107056 3996
1625182563285 0.0008422735529643443 4329
1625182990040 0.0008187119948743448 4662
1625183424836 0.0007938926261462366 4995
1625183862223 0.0007679133974894982 5328
1625184296470 0.0007408768370508576 5661
1625184730185 0.0007128896457825362 5994
1625185162617 0.0006840622763423389 6327
