1625177312775 0.6931943893432617 332
1625177369183 0.6931943893432617 0
1625177747470 0.6931604146957397 665
1625177805669 0.6931604146957397 1
1625178178957 0.6931577920913696 998
1625178235440 0.6931577920913696 2
1625178601447 0.6931513547897339 1331
1625178658392 0.6931513547897339 3
1625179036506 0.6931495666503906 1664
1625179093858 0.6931495666503906 4
1625179465117 0.6931520104408264 1997
1625179522776 0.6931520104408264 5
1625179901285 0.6931520104408264 2330
1625179959347 0.6931520104408264 6
1625180332094 0.6931492686271667 2663
1625180393173 0.6931492686271667 7
1625180776220 0.6931492686271667 2996
1625180835136 0.6931492686271667 8
1625181209051 0.6931489706039429 3329
1625181264906 0.6931489706039429 9
1625181642488 0.693148672580719 3662
1625181701686 0.693148672580719 10
1625182075256 0.693149983882904 3995
1625182132531 0.693149983882904 11
1625182508434 0.6931490898132324 4328
1625182563215 0.6931490898132324 12
1625182931734 0.6931482553482056 4661
1625182989972 0.6931482553482056 13
1625183362578 0.6931478977203369 4994
1625183424586 0.6931478977203369 14
1625183801848 0.6931474208831787 5327
1625183862161 0.6931474208831787 15
1625184237646 0.6931483149528503 5660
1625184296413 0.6931483149528503 16
1625184669877 0.693147599697113 5993
1625184730140 0.693147599697113 17
1625185107277 0.6931486129760742 6326
1625185162526 0.6931486129760742 18
1625185528279 0.693147599697113 6659
1625185587310 0.693147599697113 19
