1625177369183 0.6926593780517578 0
1625177805669 0.6931777000427246 1
1625178235440 0.6935918927192688 2
1625178658392 0.6931815147399902 3
1625179093858 0.6930539011955261 4
1625179522776 0.6938656568527222 5
1625179959347 0.6934816241264343 6
1625180393173 0.6930106282234192 7
1625180835136 0.6932008266448975 8
1625181264906 0.6934492588043213 9
1625181701686 0.6931158304214478 10
1625182132531 0.6931912899017334 11
1625182563215 0.6931003928184509 12
1625182989972 0.6931818723678589 13
1625183424586 0.6931614875793457 14
1625183862161 0.6931049227714539 15
1625184296413 0.6932120323181152 16
1625184730140 0.6931219100952148 17
1625185162526 0.6931499242782593 18
1625185587310 0.6931416988372803 19
