1625177027695 0.693018913269043 49
1625177078898 0.6927244663238525 99
1625177130707 0.6909697651863098 149
1625177181429 0.6928149461746216 199
1625177232622 0.6930755376815796 249
1625177281017 0.6932799220085144 299
1625177369183 0.6926593780517578 0
1625177414290 0.694171667098999 349
1625177477086 0.6930498480796814 399
1625177529041 0.6924002766609192 449
1625177580764 0.6932375431060791 499
1625177632493 0.6931688189506531 549
1625177684756 0.6931816935539246 599
1625177731293 0.6931439638137817 649
1625177805669 0.6931777000427246 1
1625177875692 0.6933597326278687 699
1625177926582 0.6932305097579956 749
1625177978525 0.6931302547454834 799
1625178030522 0.6931533813476562 849
1625178082021 0.6931939125061035 899
1625178132164 0.6931132078170776 949
1625178235440 0.6935918927192688 2
1625178260603 0.6931169629096985 999
1625178316919 0.6932061314582825 1049
1625178367883 0.693163275718689 1099
1625178418866 0.6931427121162415 1149
1625178470570 0.693140983581543 1199
1625178521942 0.6931250095367432 1249
1625178570312 0.6931595206260681 1299
1625178658392 0.6931815147399902 3
1625178713615 0.6931604743003845 1349
1625178766823 0.69315505027771 1399
1625178819790 0.6931538581848145 1449
1625178871137 0.6931489706039429 1499
1625178922887 0.6931506395339966 1549
1625178974622 0.6931436657905579 1599
1625179021130 0.6931033134460449 1649
1625179093858 0.6930539011955261 4
1625179162227 0.6929062008857727 1699
1625179213798 0.6933231949806213 1749
1625179266173 0.693143367767334 1799
1625179317857 0.6930676102638245 1849
1625179368848 0.693163275718689 1899
1625179419022 0.6931391954421997 1949
1625179522776 0.6938656568527222 5
1625179552029 0.6932704448699951 1999
1625179615361 0.6931623220443726 2049
1625179667291 0.6931899785995483 2099
1625179719632 0.6931594610214233 2149
1625179770774 0.6931650638580322 2199
1625179822669 0.6931631565093994 2249
1625179871061 0.6931363344192505 2299
1625179959347 0.6934816241264343 6
1625180009853 0.6931521892547607 2349
1625180064475 0.6931670904159546 2399
1625180116498 0.6931654810905457 2449
1625180167892 0.6931612491607666 2499
1625180219688 0.6931473016738892 2549
1625180271111 0.6931273341178894 2599
1625180317630 0.6931694149971008 2649
1625180393173 0.6930106282234192 7
1625180471717 0.6930917501449585 2699
1625180523723 0.6931460499763489 2749
1625180576200 0.6931422352790833 2799
1625180629216 0.6931478977203369 2849
1625180681086 0.6931516528129578 2899
1625180731164 0.6931376457214355 2949
1625180835136 0.6932008266448975 8
1625180867069 0.6931567788124084 2999
1625180925419 0.6931064128875732 3049
1625180977234 0.6932051181793213 3099
1625181029087 0.6930652856826782 3149
1625181080483 0.6931539177894592 3199
1625181131629 0.6931425333023071 3249
1625181179721 0.6931030750274658 3299
1625181264906 0.6934492588043213 9
1625181317801 0.6931279897689819 3349
1625181376998 0.6930509805679321 3399
1625181428523 0.6931486129760742 3449
1625181479892 0.6931333541870117 3499
1625181531360 0.6931271553039551 3549
1625181582927 0.6931638717651367 3599
1625181629338 0.693146824836731 3649
1625181701686 0.6931158304214478 10
1625181775139 0.6931674480438232 3699
1625181826705 0.6931431293487549 3749
1625181878184 0.6931459307670593 3799
1625181929961 0.6931400299072266 3849
1625181981527 0.6931340098381042 3899
1625182031346 0.6931173801422119 3949
1625182132531 0.6931912899017334 11
1625182163568 0.6931810975074768 3999
1625182226417 0.6931245923042297 4049
1625182278176 0.6931335926055908 4099
1625182330045 0.6931442618370056 4149
1625182381401 0.6931527853012085 4199
1625182432746 0.693156361579895 4249
1625182480614 0.693135142326355 4299
1625182563215 0.6931003928184509 12
1625182612363 0.6931799650192261 4349
1625182666703 0.6931360960006714 4399
1625182718379 0.6931480169296265 4449
1625182770355 0.6931474208831787 4499
1625182821749 0.6931474208831787 4549
1625182873043 0.6931374073028564 4599
1625182919356 0.6931517124176025 4649
1625182989972 0.6931818723678589 13
1625183064276 0.6931521892547607 4699
1625183115644 0.6931558847427368 4749
1625183167179 0.6931624412536621 4799
1625183218543 0.6930917501449585 4849
1625183269966 0.6931831240653992 4899
1625183319498 0.6931294202804565 4949
1625183424586 0.6931614875793457 14
1625183456661 0.6931595802307129 4999
1625183521244 0.6931532621383667 5049
1625183572622 0.6931620836257935 5099
1625183624477 0.6931547522544861 5149
1625183675649 0.6931501626968384 5199
1625183726716 0.6931674480438232 5249
1625183774463 0.693096935749054 5299
1625183862161 0.6931049227714539 15
1625183922277 0.6931198239326477 5349
1625183973303 0.6931190490722656 5399
1625184025661 0.6931571960449219 5449
1625184077271 0.6931504607200623 5499
1625184128798 0.6931489706039429 5549
1625184179719 0.6931358575820923 5599
1625184226012 0.6931437253952026 5649
1625184296413 0.6932120323181152 16
1625184368642 0.6931440830230713 5699
1625184420324 0.6931431293487549 5749
1625184472302 0.6931445002555847 5799
1625184525013 0.6931366920471191 5849
1625184577183 0.693139910697937 5899
1625184627440 0.6931508779525757 5949
1625184730140 0.6931219100952148 17
1625184764438 0.6931670308113098 5999
1625184823774 0.6931247711181641 6049
1625184875970 0.6931508779525757 6099
1625184928451 0.6931487321853638 6149
1625184980919 0.6931459903717041 6199
1625185033400 0.6931323409080505 6249
1625185081307 0.6931501626968384 6299
1625185162526 0.6931499242782593 18
1625185216631 0.693150520324707 6349
1625185267387 0.6931465864181519 6399
1625185318953 0.6931459903717041 6449
1625185369266 0.6931464672088623 6499
1625185420211 0.6931408047676086 6549
1625185471431 0.693146824836731 6599
1625185517734 0.6931465268135071 6649
1625185587310 0.6931416988372803 19
