1625177009204 0 49
1625177060150 0 99
1625177111476 0 149
1625177162151 0 199
1625177212190 0 249
1625177260353 0 299
1625177291839 0 332
1625177349288 0 332
1625177395314 1 349
1625177449005 1 399
1625177500251 1 449
1625177550836 1 499
1625177602118 1 549
1625177652520 1 599
1625177698959 1 649
1625177714866 1 665
1625177774140 1 665
1625177842366 2 699
1625177892667 2 749
1625177943692 2 799
1625177994467 2 849
1625178045000 2 899
1625178094372 2 949
1625178140831 2 998
1625178198109 2 998
1625178221548 3 999
1625178283778 3 1049
1625178334143 3 1099
1625178385022 3 1149
1625178435316 3 1199
1625178486070 3 1249
1625178534541 3 1299
1625178565351 3 1331
1625178623667 3 1331
1625178669152 4 1349
1625178722978 4 1399
1625178774150 4 1449
1625178825094 4 1499
1625178875850 4 1549
1625178927016 4 1599
1625178973493 4 1649
1625178988570 4 1664
1625179049391 4 1664
1625179114463 5 1699
1625179165277 5 1749
1625179216117 5 1799
1625179267290 5 1849
1625179318059 5 1899
1625179367608 5 1949
1625179413147 5 1997
1625179469892 5 1997
1625179493541 6 1999
1625179550697 6 2049
1625179601180 6 2099
1625179652368 6 2149
1625179702956 6 2199
1625179753535 6 2249
1625179801345 6 2299
1625179831364 6 2330
1625179887954 6 2330
1625179935929 7 2349
1625179990220 7 2399
1625180041024 7 2449
1625180091862 7 2499
1625180144610 7 2549
1625180194962 7 2599
1625180241582 7 2649
1625180255810 7 2663
1625180311140 7 2663
1625180378891 8 2699
1625180430085 8 2749
1625180481009 8 2799
1625180531839 8 2849
1625180582557 8 2899
1625180631339 8 2949
1625180675977 8 2996
1625180732942 8 2996
1625180760623 9 2999
1625180820961 9 3049
1625180872812 9 3099
1625180924317 9 3149
1625180975300 9 3199
1625181026866 9 3249
1625181074690 9 3299
1625181103540 9 3329
1625181158930 9 3329
1625181207019 10 3349
1625181261061 10 3399
1625181312577 10 3449
1625181364693 10 3499
1625181415754 10 3549
1625181466358 10 3599
1625181512599 10 3649
1625181526101 10 3662
1625181583682 10 3662
1625181651447 11 3699
1625181702944 11 3749
1625181753659 11 3799
1625181805789 11 3849
1625181856856 11 3899
1625181906411 11 3949
1625181950446 11 3995
1625182009366 11 3995
1625182039063 12 3999
1625182100025 12 4049
1625182151524 12 4099
1625182202484 12 4149
1625182253228 12 4199
1625182303837 12 4249
1625182352226 12 4299
1625182380532 12 4328
1625182439855 12 4328
1625182488302 13 4349
1625182542928 13 4399
1625182594235 13 4449
1625182646018 13 4499
1625182697689 13 4549
1625182748735 13 4599
1625182794856 13 4649
1625182806522 13 4661
1625182861177 13 4661
1625182926942 14 4699
1625182978088 14 4749
1625183029060 14 4799
1625183079627 14 4849
1625183129751 14 4899
1625183178949 14 4949
1625183221695 14 4994
1625183280972 14 4994
1625183308927 15 4999
1625183371008 15 5049
1625183421939 15 5099
1625183473942 15 5149
1625183524733 15 5199
1625183576079 15 5249
1625183623875 15 5299
1625183650990 15 5327
1625183710155 15 5327
1625183767277 16 5349
1625183817746 16 5399
1625183869542 16 5449
1625183920913 16 5499
1625183972576 16 5549
1625184023648 16 5599
1625184069869 16 5649
1625184081396 16 5660
1625184137753 16 5660
1625184208586 17 5699
1625184259947 17 5749
1625184311886 17 5799
1625184362516 17 5849
1625184413604 17 5899
1625184462849 17 5949
1625184505007 17 5993
1625184562198 17 5993
1625184596146 18 5999
1625184651995 18 6049
1625184703645 18 6099
1625184755531 18 6149
1625184806795 18 6199
1625184858968 18 6249
1625184906701 18 6299
1625184932929 18 6326
1625184988660 18 6326
1625185041929 19 6349
1625185095126 19 6399
1625185147262 19 6449
1625185200862 19 6499
1625185252442 19 6549
1625185303431 19 6599
1625185349609 19 6649
1625185360301 19 6659
1625185420733 19 6659
1625185494895 20 6699
1625185546564 20 6749
1625185597713 20 6799
1625185648130 20 6849
1625185698860 20 6899
1625185747646 20 6949
1625185788903 20 6992
1625185847470 20 6992
1625185879548 21 6999
1625185940581 21 7049
1625185991871 21 7099
1625186043231 21 7149
1625186094187 21 7199
1625186144524 21 7249
1625186192150 21 7299
1625186217516 21 7325
1625186274259 21 7325
1625186329809 22 7349
1625186380629 22 7399
1625186432685 22 7449
1625186483301 22 7499
1625186533353 22 7549
1625186583523 22 7599
1625186629618 22 7649
1625186638727 22 7658
1625186695902 22 7658
1625186769045 23 7699
1625186819599 23 7749
1625186871237 23 7799
1625186922484 23 7849
1625186973206 23 7899
1625187021907 23 7949
1625187061747 23 7991
1625187117631 23 7991
1625187148399 24 7999
1625187211023 24 8049
1625187262217 24 8099
1625187313758 24 8149
1625187365467 24 8199
1625187417102 24 8249
1625187464369 24 8299
1625187488670 24 8324
1625187549090 24 8324
1625187602805 25 8349
1625187654920 25 8399
1625187706157 25 8449
1625187757028 25 8499
1625187807793 25 8549
1625187857824 25 8599
1625187904079 25 8649
1625187912954 25 8657
1625187972669 25 8657
1625188050457 26 8699
1625188101827 26 8749
1625188153016 26 8799
1625188203284 26 8849
1625188253652 26 8899
1625188302566 26 8949
1625188341690 26 8990
1625188398255 26 8990
1625188431670 27 8999
1625188487726 27 9049
1625188538898 27 9099
1625188590567 27 9149
1625188641609 27 9199
1625188692189 27 9249
1625188739502 27 9299
1625188762895 27 9323
1625188820224 27 9323
1625188880894 28 9349
1625188931620 28 9399
1625188982567 28 9449
1625189033662 28 9499
1625189084159 28 9549
1625189134430 28 9599
1625189180560 28 9649
1625189188224 28 9656
1625189243342 28 9656
1625189320272 29 9699
1625189371019 29 9749
1625189421957 29 9799
1625189472844 29 9849
1625189523842 29 9899
1625189572415 29 9949
1625189610521 29 9989
1625189668906 29 9989
1625189706788 30 9999
1625189758886 30 10049
1625189809149 30 10099
1625189859613 30 10149
1625189910603 30 10199
1625189961323 30 10249
1625190009687 30 10299
1625190032255 30 10322
1625190089885 30 10322
1625190144859 31 10349
1625190200893 31 10399
1625190252520 31 10449
1625190304368 31 10499
1625190355349 31 10549
1625190406076 31 10599
1625190452223 31 10649
1625190459016 31 10655
1625190517317 31 10655
1625190589595 32 10699
1625190640100 32 10749
1625190691326 32 10799
1625190741482 32 10849
1625190792791 32 10899
1625190841509 32 10949
1625190878787 32 10988
1625190936460 32 10988
1625190972443 33 10999
1625191030645 33 11049
1625191082605 33 11099
1625191134867 33 11149
1625191186391 33 11199
1625191236785 33 11249
1625191283879 33 11299
1625191305037 33 11321
1625191360575 33 11321
1625191422849 34 11349
1625191473170 34 11399
1625191523840 34 11449
1625191574743 34 11499
1625191625156 34 11549
1625191675168 34 11599
1625191721319 34 11649
1625191727214 34 11654
1625191783633 34 11654
1625191861133 35 11699
1625191912863 35 11749
1625191965106 35 11799
1625192016522 35 11849
1625192068052 35 11899
1625192116565 35 11949
1625192152833 35 11987
1625192210628 35 11987
1625192253673 36 11999
1625192304253 36 12049
1625192355458 36 12099
1625192406858 36 12149
1625192458803 36 12199
1625192509163 36 12249
1625192556264 36 12299
1625192576957 36 12320
1625192636709 36 12320
1625192700821 37 12349
1625192751637 37 12399
1625192804109 37 12449
1625192856209 37 12499
1625192907807 37 12549
1625192958357 37 12599
1625193004474 37 12649
1625193008750 37 12653
1625193062501 37 12653
1625193139595 38 12699
1625193191752 38 12749
1625193243260 38 12799
1625193294892 38 12849
1625193346291 38 12899
1625193395064 38 12949
1625193430277 38 12986
1625193485809 38 12986
1625193527523 39 12999
1625193578355 39 13049
1625193629121 39 13099
1625193679927 39 13149
1625193731088 39 13199
1625193781604 39 13249
1625193828683 39 13299
1625193848581 39 13319
1625193908718 39 13319
1625193969303 40 13349
1625194020238 40 13399
1625194070747 40 13449
1625194121789 40 13499
1625194172566 40 13549
1625194222538 40 13599
1625194268675 40 13649
1625194272653 40 13652
1625194331831 40 13652
1625194410085 41 13699
1625194460996 41 13749
1625194512335 41 13799
1625194562853 41 13849
1625194614173 41 13899
1625194662710 41 13949
1625194697118 41 13985
1625194751936 41 13985
1625194797912 42 13999
1625194848432 42 14049
1625194900187 42 14099
1625194950660 42 14149
1625195001748 42 14199
1625195054115 42 14249
1625195100971 42 14299
1625195119776 42 14318
1625195178406 42 14318
1625195244415 43 14349
1625195294746 43 14399
1625195346347 43 14449
1625195397470 43 14499
1625195448585 43 14549
1625195498709 43 14599
1625195544891 43 14649
1625195548081 43 14651
1625195606569 43 14651
1625195689887 44 14699
1625195741295 44 14749
1625195793029 44 14799
1625195844604 44 14849
1625195896922 44 14899
1625195945524 44 14949
1625195979112 44 14984
1625196037424 44 14984
1625196087167 45 14999
1625196137163 45 15049
1625196188367 45 15099
1625196238964 45 15149
1625196290369 45 15199
1625196340809 45 15249
1625196387450 45 15299
1625196405333 45 15317
1625196463103 45 15317
1625196528294 46 15349
1625196578701 46 15399
1625196630418 46 15449
1625196681448 46 15499
1625196732215 46 15549
1625196781617 46 15599
1625196827760 46 15649
1625196829524 46 15650
1625196882216 46 15650
1625196965102 47 15699
1625197017295 47 15749
1625197068631 47 15799
1625197118967 47 15849
1625197171158 47 15899
1625197219563 47 15949
1625197252361 47 15983
1625197304946 47 15983
1625197345900 48 15999
1625197409999 48 16049
1625197461246 48 16099
1625197512159 48 16149
1625197563631 48 16199
1625197615194 48 16249
1625197661736 48 16299
1625197678179 48 16316
1625197733355 48 16316
1625197797787 49 16349
1625197848444 49 16399
1625197899518 49 16449
1625197950380 49 16499
1625198000822 49 16549
1625198051440 49 16599
1625198098766 49 16649
1625198098886 49 16649
1625198152236 49 16649
