1625177009204 0.6919418573379517 49
1625177060150 0.6598832607269287 99
1625177111476 0.6533125638961792 149
1625177162151 0.6201422214508057 199
1625177212190 0.6052124500274658 249
1625177260353 0.6009619235992432 299
1625177349235 0.6388139128684998 0
1625177395314 0.6310614347457886 349
1625177449005 0.593989372253418 399
1625177500251 0.5696907043457031 449
1625177550836 0.577384352684021 499
1625177602118 0.5979912281036377 549
1625177652520 0.5568418502807617 599
1625177698959 0.5598689913749695 649
1625177774046 0.9543710947036743 1
1625177842366 0.5418587327003479 699
1625177892667 0.5720703601837158 749
1625177943692 0.5595860481262207 799
1625177994467 0.5382308959960938 849
1625178045000 0.5354771614074707 899
1625178094372 0.5535954236984253 949
1625178198015 0.6126471757888794 2
1625178221548 0.5436702966690063 999
1625178283778 0.5794084072113037 1049
1625178334143 0.550338864326477 1099
1625178385022 0.5397090911865234 1149
1625178435316 0.5282922983169556 1199
1625178486070 0.5198382139205933 1249
1625178534541 0.5349165201187134 1299
1625178623570 0.44640791416168213 3
1625178669152 0.5600822567939758 1349
1625178722978 0.5123187303543091 1399
1625178774150 0.5140979886054993 1449
1625178825094 0.4934128522872925 1499
1625178875850 0.4862266182899475 1549
1625178927016 0.5109962821006775 1599
1625178973493 0.4933193325996399 1649
1625179049229 0.564749002456665 4
1625179114463 0.4823653995990753 1699
1625179165277 0.480973482131958 1749
1625179216117 0.5289617776870728 1799
1625179267290 0.48264309763908386 1849
1625179318059 0.4888165295124054 1899
1625179367608 0.5050978660583496 1949
1625179469816 0.39873844385147095 5
1625179493541 0.5034075379371643 1999
1625179550697 0.5094572305679321 2049
1625179601180 0.5218908786773682 2099
1625179652368 0.4874798357486725 2149
1625179702956 0.4957740902900696 2199
1625179753535 0.5298799276351929 2249
1625179801345 0.5159779787063599 2299
1625179887851 0.4546350836753845 6
1625179935929 0.5323067903518677 2349
1625179990220 0.4919479489326477 2399
1625180041024 0.5033612251281738 2449
1625180091862 0.44967687129974365 2499
1625180144610 0.49369728565216064 2549
1625180194962 0.5445489883422852 2599
1625180241582 0.4915473461151123 2649
1625180311049 0.3702476918697357 7
1625180378891 0.4804016947746277 2699
1625180430085 0.505302906036377 2749
1625180481009 0.5212613344192505 2799
1625180531839 0.5245676040649414 2849
1625180582557 0.48794907331466675 2899
1625180631339 0.4673338830471039 2949
1625180732867 0.5844244956970215 8
1625180760623 0.4963940382003784 2999
1625180820961 0.4844316244125366 3049
1625180872812 0.4717700481414795 3099
1625180924317 0.4651973247528076 3149
1625180975300 0.5320311784744263 3199
1625181026866 0.5135971307754517 3249
1625181074690 0.48190242052078247 3299
1625181158778 0.5333921909332275 9
1625181207019 0.4811168909072876 3349
1625181261061 0.46881285309791565 3399
1625181312577 0.4959754943847656 3449
1625181364693 0.4653427302837372 3499
1625181415754 0.501711368560791 3549
1625181466358 0.5025490522384644 3599
1625181512599 0.5260953903198242 3649
1625181583596 0.4741901755332947 10
1625181651447 0.49736517667770386 3699
1625181702944 0.4796314835548401 3749
1625181753659 0.4820340871810913 3799
1625181805789 0.5081261396408081 3849
1625181856856 0.486963152885437 3899
1625181906411 0.4751437306404114 3949
1625182009283 0.5330249071121216 11
1625182039063 0.5073426961898804 3999
1625182100025 0.4464152157306671 4049
1625182151524 0.4712904393672943 4099
1625182202484 0.47958987951278687 4149
1625182253228 0.4781832695007324 4199
1625182303837 0.46198275685310364 4249
1625182352226 0.4731384515762329 4299
1625182439799 0.5020763278007507 12
1625182488302 0.45789873600006104 4349
1625182542928 0.47214069962501526 4399
1625182594235 0.47372764348983765 4449
1625182646018 0.4978335499763489 4499
1625182697689 0.47545790672302246 4549
1625182748735 0.47126805782318115 4599
1625182794856 0.4646618962287903 4649
1625182861080 0.36655154824256897 13
1625182926942 0.4858166575431824 4699
1625182978088 0.45000582933425903 4749
1625183029060 0.5077504515647888 4799
1625183079627 0.4523780345916748 4849
1625183129751 0.4939401149749756 4899
1625183178949 0.4924507737159729 4949
1625183280724 0.4439478814601898 14
1625183308927 0.46242019534111023 4999
1625183371008 0.445934534072876 5049
1625183421939 0.46849969029426575 5099
1625183473942 0.4799368977546692 5149
1625183524733 0.4667413830757141 5199
1625183576079 0.46478909254074097 5249
1625183623875 0.4766477942466736 5299
1625183710078 0.3044315278530121 15
1625183767277 0.5412800312042236 5349
1625183817746 0.46233952045440674 5399
1625183869542 0.4909018576145172 5449
1625183920913 0.44695913791656494 5499
1625183972576 0.44949179887771606 5549
1625184023648 0.4639056324958801 5599
1625184069869 0.4784875512123108 5649
1625184137689 0.3967217803001404 16
1625184208586 0.48473626375198364 5699
1625184259947 0.49252671003341675 5749
1625184311886 0.4858846068382263 5799
1625184362516 0.47465184330940247 5849
1625184413604 0.4315676987171173 5899
1625184462849 0.4999428689479828 5949
1625184562103 0.41666585206985474 17
1625184596146 0.48041993379592896 5999
1625184651995 0.47892504930496216 6049
1625184703645 0.49795854091644287 6099
1625184755531 0.47064048051834106 6149
1625184806795 0.46190589666366577 6199
1625184858968 0.4690503478050232 6249
1625184906701 0.45079201459884644 6299
1625184988527 0.40564221143722534 18
1625185041929 0.49017202854156494 6349
1625185095126 0.5134210586547852 6399
1625185147262 0.49202585220336914 6449
1625185200862 0.4926132261753082 6499
1625185252442 0.4818413257598877 6549
1625185303431 0.4482746720314026 6599
1625185349609 0.4637730121612549 6649
1625185420699 0.5457531213760376 19
1625185494895 0.443401962518692 6699
1625185546564 0.49426907300949097 6749
1625185597713 0.46727490425109863 6799
1625185648130 0.48480767011642456 6849
1625185698860 0.4753895103931427 6899
1625185747646 0.4437791407108307 6949
1625185847399 0.24778223037719727 20
1625185879548 0.4195324182510376 6999
1625185940581 0.4886524975299835 7049
1625185991871 0.5068945288658142 7099
1625186043231 0.507758617401123 7149
1625186094187 0.4984336793422699 7199
1625186144524 0.4681912064552307 7249
1625186192150 0.48572927713394165 7299
1625186274221 0.4827219247817993 21
1625186329809 0.4772069454193115 7349
1625186380629 0.48130691051483154 7399
1625186432685 0.5027235746383667 7449
1625186483301 0.47172850370407104 7499
1625186533353 0.46304845809936523 7549
1625186583523 0.49693015217781067 7599
1625186629618 0.4425676465034485 7649
1625186695783 0.45665305852890015 22
1625186769045 0.4761567711830139 7699
1625186819599 0.4829489588737488 7749
1625186871237 0.4660082459449768 7799
1625186922484 0.44490325450897217 7849
1625186973206 0.4814073145389557 7899
1625187021907 0.4642874002456665 7949
1625187117566 0.5805505514144897 23
1625187148399 0.4448968172073364 7999
1625187211023 0.49445271492004395 8049
1625187262217 0.4857979714870453 8099
1625187313758 0.46631133556365967 8149
1625187365467 0.45335590839385986 8199
1625187417102 0.47779029607772827 8249
1625187464369 0.4372909665107727 8299
1625187548908 0.36697453260421753 24
1625187602805 0.4658011198043823 8349
1625187654920 0.47158533334732056 8399
1625187706157 0.4440324902534485 8449
1625187757028 0.49064546823501587 8499
1625187807793 0.4723935127258301 8549
1625187857824 0.4611060619354248 8599
1625187904079 0.4978397488594055 8649
1625187972621 0.492889404296875 25
1625188050457 0.4816160798072815 8699
1625188101827 0.49975550174713135 8749
1625188153016 0.48153215646743774 8799
1625188203284 0.45858070254325867 8849
1625188253652 0.46617722511291504 8899
1625188302566 0.45620495080947876 8949
1625188398126 0.7372141480445862 26
1625188431670 0.4648488163948059 8999
1625188487726 0.4685869812965393 9049
1625188538898 0.45095500349998474 9099
1625188590567 0.47244158387184143 9149
1625188641609 0.4451677203178406 9199
1625188692189 0.4575461149215698 9249
1625188739502 0.5042545795440674 9299
1625188820159 0.6091085076332092 27
1625188880894 0.45413947105407715 9349
1625188931620 0.4995999336242676 9399
1625188982567 0.4663798213005066 9449
1625189033662 0.5089086294174194 9499
1625189084159 0.44748711585998535 9549
1625189134430 0.43210455775260925 9599
1625189180560 0.4440554976463318 9649
1625189243256 0.6280860900878906 28
1625189320272 0.461700975894928 9699
1625189371019 0.4453539252281189 9749
1625189421957 0.4667741656303406 9799
1625189472844 0.4427104592323303 9849
1625189523842 0.47985631227493286 9899
1625189572415 0.47099778056144714 9949
1625189667932 0.30909767746925354 29
1625189706788 0.4966992139816284 9999
1625189758886 0.4624916613101959 10049
1625189809149 0.46848881244659424 10099
1625189859613 0.46349555253982544 10149
1625189910603 0.4758794903755188 10199
1625189961323 0.4855709969997406 10249
1625190009687 0.502989649772644 10299
1625190089781 0.468389093875885 30
1625190144859 0.41006362438201904 10349
1625190200893 0.49396082758903503 10399
1625190252520 0.49574294686317444 10449
1625190304368 0.46240660548210144 10499
1625190355349 0.43966883420944214 10549
1625190406076 0.5061808824539185 10599
1625190452223 0.4830482602119446 10649
1625190517254 0.5281665921211243 31
1625190589595 0.4319523870944977 10699
1625190640100 0.44444507360458374 10749
1625190691326 0.47052913904190063 10799
1625190741482 0.46087902784347534 10849
1625190792791 0.41848644614219666 10899
1625190841509 0.4544581472873688 10949
1625190936410 0.2593805193901062 32
1625190972443 0.49852514266967773 10999
1625191030645 0.45148181915283203 11049
1625191082605 0.5031976699829102 11099
1625191134867 0.4563979506492615 11149
1625191186391 0.4756428003311157 11199
1625191236785 0.4692216217517853 11249
1625191283879 0.5057412385940552 11299
1625191360463 0.38967883586883545 33
1625191422849 0.4365699887275696 11349
1625191473170 0.471155047416687 11399
1625191523840 0.4490368664264679 11449
1625191574743 0.4568708539009094 11499
1625191625156 0.46107903122901917 11549
1625191675168 0.4715737998485565 11599
1625191721319 0.4768737554550171 11649
1625191783343 0.47665339708328247 34
1625191861133 0.48603078722953796 11699
1625191912863 0.49387896060943604 11749
1625191965106 0.4640386998653412 11799
1625192016522 0.45608893036842346 11849
1625192068052 0.4637884497642517 11899
1625192116565 0.45682433247566223 11949
1625192210480 0.46650993824005127 35
1625192253673 0.44899457693099976 11999
1625192304253 0.41754722595214844 12049
1625192355458 0.46789073944091797 12099
1625192406858 0.46543607115745544 12149
1625192458803 0.43369239568710327 12199
1625192509163 0.44815507531166077 12249
1625192556264 0.46717047691345215 12299
1625192636551 0.48481735587120056 36
1625192700821 0.46195507049560547 12349
1625192751637 0.45886266231536865 12399
1625192804109 0.4691315293312073 12449
1625192856209 0.4857858419418335 12499
1625192907807 0.476010262966156 12549
1625192958357 0.4749099612236023 12599
1625193004474 0.42163026332855225 12649
1625193062236 0.4570164084434509 37
1625193139595 0.48626816272735596 12699
1625193191752 0.4776993691921234 12749
1625193243260 0.44887855648994446 12799
1625193294892 0.45723825693130493 12849
1625193346291 0.4488135278224945 12899
1625193395064 0.45825713872909546 12949
1625193485740 0.48191261291503906 38
1625193527523 0.4589102864265442 12999
1625193578355 0.4666414260864258 13049
1625193629121 0.46042144298553467 13099
1625193679927 0.45838993787765503 13149
1625193731088 0.45606547594070435 13199
1625193781604 0.44775593280792236 13249
1625193828683 0.44301390647888184 13299
1625193908442 0.5668699145317078 39
1625193969303 0.415942907333374 13349
1625194020238 0.423709511756897 13399
1625194070747 0.5051349401473999 13449
1625194121789 0.46234121918678284 13499
1625194172566 0.4766211211681366 13549
1625194222538 0.45817384123802185 13599
1625194268675 0.4690448045730591 13649
1625194331738 0.5330181121826172 40
1625194410085 0.4281575381755829 13699
1625194460996 0.420052170753479 13749
1625194512335 0.4683319330215454 13799
1625194562853 0.4952971041202545 13849
1625194614173 0.45979711413383484 13899
1625194662710 0.46187707781791687 13949
1625194751852 0.5762820839881897 41
1625194797912 0.43162885308265686 13999
1625194848432 0.41325151920318604 14049
1625194900187 0.48435500264167786 14099
1625194950660 0.4800523817539215 14149
1625195001748 0.4292582869529724 14199
1625195054115 0.4583689868450165 14249
1625195100971 0.4854641258716583 14299
1625195178367 0.4098164439201355 42
1625195244415 0.4601089656352997 14349
1625195294746 0.4701842665672302 14399
1625195346347 0.4422111511230469 14449
1625195397470 0.45917415618896484 14499
1625195448585 0.4420734643936157 14549
1625195498709 0.5072845220565796 14599
1625195544891 0.45000553131103516 14649
1625195606521 0.6374443173408508 43
1625195689887 0.47901037335395813 14699
1625195741295 0.45744699239730835 14749
1625195793029 0.46425819396972656 14799
1625195844604 0.4738812744617462 14849
1625195896922 0.44202131032943726 14899
1625195945524 0.40900346636772156 14949
1625196037198 0.4677319824695587 44
1625196087167 0.42723995447158813 14999
1625196137163 0.46628737449645996 15049
1625196188367 0.4462508261203766 15099
1625196238964 0.4140937328338623 15149
1625196290369 0.42165708541870117 15199
1625196340809 0.4683613181114197 15249
1625196387450 0.4061420261859894 15299
1625196463000 0.6471747159957886 45
1625196528294 0.47333183884620667 15349
1625196578701 0.4907260239124298 15399
1625196630418 0.45275771617889404 15449
1625196681448 0.45350778102874756 15499
1625196732215 0.4204806387424469 15549
1625196781617 0.44212502241134644 15599
1625196827760 0.43533486127853394 15649
1625196882159 0.5562856793403625 46
1625196965102 0.4400465488433838 15699
1625197017295 0.46551454067230225 15749
1625197068631 0.45398762822151184 15799
1625197118967 0.45741575956344604 15849
1625197171158 0.5114520788192749 15899
1625197219563 0.4755491018295288 15949
1625197304855 0.6955156326293945 47
1625197345900 0.4592362642288208 15999
1625197409999 0.47315505146980286 16049
1625197461246 0.45744234323501587 16099
1625197512159 0.4306727349758148 16149
1625197563631 0.43596673011779785 16199
1625197615194 0.45028144121170044 16249
1625197661736 0.43415752053260803 16299
1625197733272 0.5097112059593201 48
1625197797787 0.4312545657157898 16349
1625197848444 0.48403677344322205 16399
1625197899518 0.46255266666412354 16449
1625197950380 0.44361862540245056 16499
1625198000822 0.4601210057735443 16549
1625198051440 0.4527994990348816 16599
1625198098766 0.41110286116600037 16649
1625198151946 0.41110286116600037 49
