1625177291839 0.6426960229873657 332
1625177349235 0.6426960229873657 0
1625177714866 0.5836021900177002 665
1625177774046 0.5836021900177002 1
1625178140831 0.5530117750167847 998
1625178198015 0.5530117750167847 2
1625178565351 0.5319873094558716 1331
1625178623570 0.5319873094558716 3
1625178988570 0.5185139179229736 1664
1625179049229 0.5185139179229736 4
1625179413147 0.5087738633155823 1997
1625179469816 0.5087738633155823 5
1625179831364 0.504172682762146 2330
1625179887851 0.504172682762146 6
1625180255810 0.4979940354824066 2663
1625180311049 0.4979940354824066 7
1625180675977 0.4917750060558319 2996
1625180732867 0.4917750060558319 8
1625181103540 0.48944011330604553 3329
1625181158778 0.48944011330604553 9
1625181526101 0.48831069469451904 3662
1625181583596 0.48831069469451904 10
1625181950446 0.48530083894729614 3995
1625182009283 0.48530083894729614 11
1625182380532 0.4827928841114044 4328
1625182439799 0.4827928841114044 12
1625182806522 0.4822830855846405 4661
1625182861080 0.4822830855846405 13
1625183221695 0.47954264283180237 4994
1625183280724 0.47954264283180237 14
1625183650990 0.4760775864124298 5327
1625183710078 0.4760775864124298 15
1625184081396 0.4761916697025299 5660
1625184137689 0.4761916697025299 16
1625184505007 0.4746191203594208 5993
1625184562103 0.4746191203594208 17
1625184932929 0.4764162600040436 6326
1625184988527 0.4764162600040436 18
1625185360301 0.472779780626297 6659
1625185420699 0.472779780626297 19
1625185788903 0.4744323492050171 6992
1625185847399 0.4744323492050171 20
1625186217516 0.47067126631736755 7325
1625186274221 0.47067126631736755 21
1625186638727 0.4737188518047333 7658
1625186695783 0.4737188518047333 22
1625187061747 0.4686353802680969 7991
1625187117566 0.4686353802680969 23
1625187488670 0.46661439538002014 8324
1625187548908 0.46661439538002014 24
1625187912954 0.4683355689048767 8657
1625187972621 0.4683355689048767 25
1625188341690 0.469686359167099 8990
1625188398126 0.469686359167099 26
1625188762895 0.46708834171295166 9323
1625188820159 0.46708834171295166 27
1625189188224 0.4681030213832855 9656
1625189243256 0.4681030213832855 28
1625189610521 0.4654097557067871 9989
1625189667932 0.4654097557067871 29
1625190032255 0.4647115468978882 10322
1625190089781 0.4647115468978882 30
1625190459016 0.4663974344730377 10655
1625190517254 0.4663974344730377 31
1625190878787 0.4642810523509979 10988
1625190936410 0.4642810523509979 32
1625191305037 0.46192222833633423 11321
1625191360463 0.46192222833633423 33
1625191727214 0.4642927348613739 11654
1625191783343 0.4642927348613739 34
1625192152833 0.46236103773117065 11987
1625192210480 0.46236103773117065 35
1625192576957 0.46072638034820557 12320
1625192636551 0.46072638034820557 36
1625193008750 0.4642857611179352 12653
1625193062236 0.4642857611179352 37
1625193430277 0.4621478021144867 12986
1625193485740 0.4621478021144867 38
1625193848581 0.460271418094635 13319
1625193908442 0.460271418094635 39
1625194272653 0.46061617136001587 13652
1625194331738 0.46061617136001587 40
1625194697118 0.45987066626548767 13985
1625194751852 0.45987066626548767 41
1625195119776 0.45951735973358154 14318
1625195178367 0.45951735973358154 42
1625195548081 0.46075472235679626 14651
1625195606521 0.46075472235679626 43
1625195979112 0.46256184577941895 14984
1625196037198 0.46256184577941895 44
1625196405333 0.45951157808303833 15317
1625196463000 0.45951157808303833 45
1625196829524 0.4580306112766266 15650
1625196882159 0.4580306112766266 46
1625197252361 0.4597861170768738 15983
1625197304855 0.4597861170768738 47
1625197678179 0.45886728167533875 16316
1625197733272 0.45886728167533875 48
1625198098886 0.4602024257183075 16649
1625198151946 0.4602024257183075 49
