1625177349235 0.6388139128684998 0
1625177774046 0.9543710947036743 1
1625178198015 0.6126471757888794 2
1625178623570 0.44640791416168213 3
1625179049229 0.564749002456665 4
1625179469816 0.39873844385147095 5
1625179887851 0.4546350836753845 6
1625180311049 0.3702476918697357 7
1625180732867 0.5844244956970215 8
1625181158778 0.5333921909332275 9
1625181583596 0.4741901755332947 10
1625182009283 0.5330249071121216 11
1625182439799 0.5020763278007507 12
1625182861080 0.36655154824256897 13
1625183280724 0.4439478814601898 14
1625183710078 0.3044315278530121 15
1625184137689 0.3967217803001404 16
1625184562103 0.41666585206985474 17
1625184988527 0.40564221143722534 18
1625185420699 0.5457531213760376 19
1625185847399 0.24778223037719727 20
1625186274221 0.4827219247817993 21
1625186695783 0.45665305852890015 22
1625187117566 0.5805505514144897 23
1625187548908 0.36697453260421753 24
1625187972621 0.492889404296875 25
1625188398126 0.7372141480445862 26
1625188820159 0.6091085076332092 27
1625189243256 0.6280860900878906 28
1625189667932 0.30909767746925354 29
1625190089781 0.468389093875885 30
1625190517254 0.5281665921211243 31
1625190936410 0.2593805193901062 32
1625191360463 0.38967883586883545 33
1625191783343 0.47665339708328247 34
1625192210480 0.46650993824005127 35
1625192636551 0.48481735587120056 36
1625193062236 0.4570164084434509 37
1625193485740 0.48191261291503906 38
1625193908442 0.5668699145317078 39
1625194331738 0.5330181121826172 40
1625194751852 0.5762820839881897 41
1625195178367 0.4098164439201355 42
1625195606521 0.6374443173408508 43
1625196037198 0.4677319824695587 44
1625196463000 0.6471747159957886 45
1625196882159 0.5562856793403625 46
1625197304855 0.6955156326293945 47
1625197733272 0.5097112059593201 48
1625198151946 0.41110286116600037 49
