1625177061425 0 49
1625177128108 0 99
1625177193847 0 149
1625177258843 0 199
1625177324526 0 249
1625177388713 0 299
1625177431479 0 332
1625177500549 0 332
1625177550483 1 349
1625177616350 1 399
1625177682217 1 449
1625177748241 1 499
1625177814059 1 549
1625177879783 1 599
1625177942771 1 649
1625177964200 1 665
1625178033383 1 665
1625178110837 2 699
1625178176674 2 749
1625178242664 2 799
1625178308098 2 849
1625178373835 2 899
1625178438770 2 949
1625178501679 2 998
1625178570999 2 998
1625178595894 3 999
1625178666836 3 1049
1625178732987 3 1099
1625178798874 3 1149
1625178864883 3 1199
1625178930442 3 1249
1625178994527 3 1299
1625179036041 3 1331
1625179105434 3 1331
1625179163879 4 1349
1625179229757 4 1399
1625179296639 4 1449
1625179361755 4 1499
1625179428286 4 1549
1625179493802 4 1599
1625179556747 4 1649
1625179576910 4 1664
1625179647230 4 1664
1625179725853 5 1699
1625179792233 5 1749
1625179858130 5 1799
1625179924196 5 1849
1625179989886 5 1899
1625180055383 5 1949
1625180117519 5 1997
1625180185715 5 1997
1625180214478 6 1999
1625180287228 6 2049
1625180353334 6 2099
1625180419026 6 2149
1625180484136 6 2199
1625180549552 6 2249
1625180613562 6 2299
1625180653764 6 2330
1625180724145 6 2330
1625180777538 7 2349
1625180842974 7 2399
1625180909074 7 2449
1625180974542 7 2499
1625181040278 7 2549
1625181106496 7 2599
1625181169306 7 2649
1625181188182 7 2663
1625181257645 7 2663
1625181338731 8 2699
1625181404991 8 2749
1625181471093 8 2799
1625181538054 8 2849
1625181603234 8 2899
1625181668452 8 2949
1625181728776 8 2996
1625181799712 8 2996
1625181828508 9 2999
1625181898261 9 3049
1625181964187 9 3099
1625182030031 9 3149
1625182095877 9 3199
1625182161337 9 3249
1625182224993 9 3299
1625182263993 9 3329
1625182335557 9 3329
1625182392586 10 3349
1625182458109 10 3399
1625182524212 10 3449
1625182590021 10 3499
1625182655523 10 3549
1625182721691 10 3599
1625182784437 10 3649
1625182802007 10 3662
1625182869387 10 3662
1625182951361 11 3699
1625183017072 11 3749
1625183082545 11 3799
1625183148009 11 3849
1625183213935 11 3899
1625183278714 11 3949
1625183337866 11 3995
1625183408640 11 3995
1625183441961 12 3999
1625183510857 12 4049
1625183576641 12 4099
1625183642683 12 4149
1625183708656 12 4199
1625183773937 12 4249
1625183837690 12 4299
1625183875360 12 4328
1625183945420 12 4328
1625184007379 13 4349
1625184073058 13 4399
1625184139300 13 4449
1625184204911 13 4499
1625184270752 13 4549
1625184336688 13 4599
1625184399464 13 4649
1625184415813 13 4661
1625184483373 13 4661
1625184564374 14 4699
1625184630804 14 4749
1625184697128 14 4799
1625184762715 14 4849
1625184828125 14 4899
1625184892592 14 4949
1625184950519 14 4994
1625185019830 14 4994
1625185052595 15 4999
1625185121897 15 5049
1625185188054 15 5099
1625185253733 15 5149
1625185319299 15 5199
1625185385578 15 5249
1625185449585 15 5299
1625185486067 15 5327
1625185553443 15 5327
1625185609115 16 5349
1625185674512 16 5399
1625185740635 16 5449
1625185807356 16 5499
1625185872838 16 5549
1625185938524 16 5599
1625186001253 16 5649
1625186016362 16 5660
1625186082721 16 5660
1625186166562 17 5699
1625186232347 17 5749
1625186298474 17 5799
1625186364498 17 5849
1625186430479 17 5899
1625186494631 17 5949
1625186551690 17 5993
1625186624453 17 5993
1625186660912 18 5999
1625186730886 18 6049
1625186797113 18 6099
1625186863417 18 6149
1625186929141 18 6199
1625186995172 18 6249
1625187058756 18 6299
1625187093900 18 6326
1625187162786 18 6326
1625187224553 19 6349
1625187290214 19 6399
1625187356162 19 6449
1625187422652 19 6499
1625187488224 19 6549
1625187554023 19 6599
1625187616777 19 6649
1625187630183 19 6659
1625187698483 19 6659
1625187780585 20 6699
1625187846765 20 6749
1625187913227 20 6799
1625187978546 20 6849
1625188044280 20 6899
1625188108870 20 6949
1625188164140 20 6992
1625188233393 20 6992
1625188267981 21 6999
1625188338740 21 7049
1625188405664 21 7099
1625188472483 21 7149
1625188537963 21 7199
1625188604015 21 7249
1625188667739 21 7299
1625188701874 21 7325
1625188773036 21 7325
1625188836132 22 7349
1625188901727 22 7399
1625188967143 22 7449
1625189032732 22 7499
1625189098106 22 7549
1625189164136 22 7599
1625189226860 22 7649
1625189239365 22 7658
1625189309620 22 7658
1625189392992 23 7699
1625189459159 23 7749
1625189525767 23 7799
1625189591653 23 7849
1625189657877 23 7899
1625189722551 23 7949
1625189776557 23 7991
1625189846641 23 7991
1625189885365 24 7999
1625189955181 24 8049
1625190021365 24 8099
1625190087273 24 8149
1625190153690 24 8199
1625190218867 24 8249
1625190282730 24 8299
1625190315420 24 8324
1625190385221 24 8324
1625190450364 25 8349
1625190515955 25 8399
1625190582101 25 8449
1625190647928 25 8499
1625190713529 25 8549
1625190779503 25 8599
1625190842256 25 8649
1625190853567 25 8657
1625190923121 25 8657
1625191009012 26 8699
1625191074964 26 8749
1625191141718 26 8799
1625191207765 26 8849
1625191273554 26 8899
1625191338124 26 8949
1625191391402 26 8990
1625191459786 26 8990
1625191506007 27 8999
1625191571480 27 9049
1625191637803 27 9099
1625191703187 27 9149
1625191768822 27 9199
1625191834246 27 9249
1625191897533 27 9299
1625191929003 27 9323
1625192000482 27 9323
1625192067184 28 9349
1625192132880 28 9399
1625192198884 28 9449
1625192264617 28 9499
1625192330064 28 9549
1625192395310 28 9599
1625192458037 28 9649
1625192468208 28 9656
1625192539678 28 9656
1625192625695 29 9699
1625192691110 29 9749
1625192757126 29 9799
1625192823354 29 9849
1625192890028 29 9899
1625192954667 29 9949
1625193006176 29 9989
1625193078284 29 9989
1625193122716 30 9999
1625193189445 30 10049
1625193255325 30 10099
1625193320888 30 10149
1625193386788 30 10199
1625193452034 30 10249
1625193515483 30 10299
1625193545740 30 10322
1625193611772 30 10322
1625193680950 31 10349
1625193746072 31 10399
1625193812980 31 10449
1625193878776 31 10499
1625193944810 31 10549
1625194010172 31 10599
1625194072931 31 10649
1625194081760 31 10655
1625194154418 31 10655
1625194246155 32 10699
1625194311902 32 10749
1625194379373 32 10799
1625194445374 32 10849
1625194511611 32 10899
1625194575616 32 10949
1625194625845 32 10988
1625194693415 32 10988
1625194737894 33 10999
1625194803552 33 11049
1625194869787 33 11099
1625194936106 33 11149
1625195001907 33 11199
1625195067940 33 11249
1625195131212 33 11299
1625195160156 33 11321
1625195231735 33 11321
1625195302295 34 11349
1625195368011 34 11399
1625195434039 34 11449
1625195500343 34 11499
1625195565832 34 11549
1625195631476 34 11599
1625195694187 34 11649
1625195701849 34 11654
1625195773972 34 11654
1625195865108 35 11699
1625195930784 35 11749
1625195996812 35 11799
1625196062413 35 11849
1625196127841 35 11899
1625196192065 35 11949
1625196241159 35 11987
1625196310900 35 11987
1625196357157 36 11999
1625196423375 36 12049
1625196489635 36 12099
1625196555262 36 12149
1625196621054 36 12199
1625196686825 36 12249
1625196749957 36 12299
1625196777597 36 12320
1625196848935 36 12320
1625196917197 37 12349
1625196982519 37 12399
1625197048344 37 12449
1625197114193 37 12499
1625197179456 37 12549
1625197245147 37 12599
1625197307914 37 12649
1625197314253 37 12653
1625197383161 37 12653
1625197476603 38 12699
1625197542360 38 12749
1625197607982 38 12799
1625197673475 38 12849
1625197739465 38 12899
1625197804058 38 12949
1625197851882 38 12986
1625197923873 38 12986
1625197971283 39 12999
1625198037470 39 13049
1625198103869 39 13099
1625198169841 39 13149
1625198235926 39 13199
1625198301896 39 13249
1625198365306 39 13299
1625198391992 39 13319
1625198463546 39 13319
1625198530782 40 13349
1625198597237 40 13399
1625198663628 40 13449
1625198730703 40 13499
1625198796108 40 13549
1625198860887 40 13599
1625198923625 40 13649
1625198928757 40 13652
1625198998170 40 13652
1625199089144 41 13699
1625199154723 41 13749
1625199220778 41 13799
1625199286719 41 13849
1625199352446 41 13899
1625199416911 41 13949
1625199463400 41 13985
1625199533415 41 13985
1625199584132 42 13999
1625199649192 42 14049
1625199716030 42 14099
1625199781468 42 14149
1625199846269 42 14199
1625199912957 42 14249
1625199975910 42 14299
1625200001030 42 14318
1625200066921 42 14318
1625200139409 43 14349
1625200205049 43 14399
1625200271500 43 14449
1625200338100 43 14499
1625200403876 43 14549
1625200468715 43 14599
1625200531479 43 14649
1625200535320 43 14651
1625200602296 43 14651
1625200694595 44 14699
1625200760478 44 14749
1625200826600 44 14799
1625200892008 44 14849
1625200957881 44 14899
1625201021973 44 14949
1625201067004 44 14984
1625201137112 44 14984
1625201183453 45 14999
1625201250462 45 15049
1625201318144 45 15099
1625201383874 45 15149
1625201449843 45 15199
1625201514676 45 15249
1625201577688 45 15299
1625201601301 45 15317
1625201668436 45 15317
1625201739353 46 15349
1625201805445 46 15399
1625201870850 46 15449
1625201936404 46 15499
1625202002055 46 15549
1625202067128 46 15599
1625202129789 46 15649
1625202132075 46 15650
1625202204534 46 15650
1625202299809 47 15699
1625202365573 47 15749
1625202430757 47 15799
1625202496274 47 15849
1625202561635 47 15899
1625202625678 47 15949
1625202669292 47 15983
1625202733597 47 15983
1625202782414 48 15999
1625202848017 48 16049
1625202913887 48 16099
1625202979161 48 16149
1625203044186 48 16199
1625203110017 48 16249
1625203172988 48 16299
1625203195418 48 16316
1625203265719 48 16316
1625203342768 49 16349
1625203408715 49 16399
1625203474592 49 16449
1625203540133 49 16499
1625203605774 49 16549
1625203670760 49 16599
1625203734378 49 16649
1625203734450 49 16649
1625203802121 49 16649
