1625176960914 0.001 0
1625177500555 0.0009990133642141358 333
1625178033389 0.000996057350657239 666
1625178571005 0.0009911436253643444 999
1625179105440 0.0009842915805643156 1332
1625179647236 0.0009755282581475769 1665
1625180185720 0.0009648882429441258 1998
1625180724151 0.0009524135262330099 2331
1625181257651 0.0009381533400219318 2664
1625181799718 0.0009221639627510075 2997
1625182335562 0.0009045084971874736 3330
1625182869393 0.0008852566213878945 3663
1625183408646 0.0008644843137107056 3996
1625183945426 0.0008422735529643443 4329
1625184483379 0.0008187119948743448 4662
1625185019836 0.0007938926261462366 4995
1625185553448 0.0007679133974894982 5328
1625186082727 0.0007408768370508576 5661
1625186624459 0.0007128896457825362 5994
1625187162792 0.0006840622763423389 6327
1625187698488 0.0006545084971874735 6660
1625188233399 0.0006243449435824271 6993
1625188773049 0.0005936906572928622 7326
1625189309626 0.000562666616782152 7659
1625189846662 0.0005313952597646566 7992
1625190385227 0.0004999999999999998 8325
1625190923132 0.00046860474023534314 8658
1625191459809 0.00043733338321784774 8991
1625192000510 0.00040630934270713756 9324
1625192539684 0.00037565505641757246 9657
1625193078290 0.00034549150281252633 9990
1625193611792 0.00031593772365766105 10323
1625194154424 0.00028711035421746355 10656
1625194693444 0.0002591231629491422 10989
1625195231740 0.00023208660251050145 11322
1625195773978 0.00020610737385376337 11655
1625196310907 0.00018128800512565502 11988
1625196848959 0.00015772644703565555 12321
1625197383166 0.00013551568628929425 12654
1625197923879 0.00011474337861210535 12987
1625198463552 9.549150281252626e-05 13320
1625198998183 7.783603724899252e-05 13653
1625199533421 6.184665997806817e-05 13986
1625200066927 4.7586473766990294e-05 14319
1625200602302 3.5111757055874305e-05 14652
1625201137117 2.4471741852423218e-05 14985
1625201668457 1.5708419435684507e-05 15318
1625202204539 8.856374635655634e-06 15651
1625202733604 3.942649342761115e-06 15984
1625203265725 9.866357858642198e-07 16317
