1625177061425 0.6926987171173096 49
1625177128108 0.6933630704879761 99
1625177193847 0.6930694580078125 149
1625177258843 0.6934458613395691 199
1625177324526 0.693097710609436 249
1625177388713 0.6930360794067383 299
1625177500468 0.6933295726776123 0
1625177550483 0.6931749582290649 349
1625177616350 0.693240761756897 399
1625177682217 0.6931823492050171 449
1625177748241 0.6934504508972168 499
1625177814059 0.6930714845657349 549
1625177879783 0.6931051015853882 599
1625177942771 0.6928730010986328 649
1625178033246 0.6933585405349731 1
1625178110837 0.6929128766059875 699
1625178176674 0.6934709548950195 749
1625178242664 0.6931502819061279 799
1625178308098 0.693146824836731 849
1625178373835 0.693200945854187 899
1625178438770 0.693323016166687 949
1625178570908 0.6932950615882874 2
1625178595894 0.6931377649307251 999
1625178666836 0.6932054162025452 1049
1625178732987 0.6931426525115967 1099
1625178798874 0.6931441426277161 1149
1625178864883 0.6930880546569824 1199
1625178930442 0.6931575536727905 1249
1625178994527 0.6929807662963867 1299
1625179105377 0.6930102705955505 3
1625179163879 0.6931523680686951 1349
1625179229757 0.6931551694869995 1399
1625179296639 0.6931248903274536 1449
1625179361755 0.6930997371673584 1499
1625179428286 0.6929311752319336 1549
1625179493802 0.6935428380966187 1599
1625179556747 0.6931506395339966 1649
1625179646894 0.6923526525497437 4
1625179725853 0.6936715841293335 1699
1625179792233 0.6931480169296265 1749
1625179858130 0.6926823854446411 1799
1625179924196 0.6932170391082764 1849
1625179989886 0.6930768489837646 1899
1625180055383 0.6931412220001221 1949
1625180185587 0.6966386437416077 5
1625180214478 0.6934987306594849 1999
1625180287228 0.6934773921966553 2049
1625180353334 0.6930720806121826 2099
1625180419026 0.6931350231170654 2149
1625180484136 0.6933974623680115 2199
1625180549552 0.6931904554367065 2249
1625180613562 0.6931430101394653 2299
1625180724071 0.6932423114776611 6
1625180777538 0.6931880712509155 2349
1625180842974 0.6931504011154175 2399
1625180909074 0.6931445598602295 2449
1625180974542 0.6932103037834167 2499
1625181040278 0.693153977394104 2549
1625181106496 0.6931422352790833 2599
1625181169306 0.6932358145713806 2649
1625181257569 0.6931170225143433 7
1625181338731 0.6927445530891418 2699
1625181404991 0.693091869354248 2749
1625181471093 0.6929498910903931 2799
1625181538054 0.6975460052490234 2849
1625181603234 0.69379723072052 2899
1625181668452 0.6928597092628479 2949
1625181799658 0.6930704116821289 8
1625181828508 0.6928348541259766 2999
1625181898261 0.6931121349334717 3049
1625181964187 0.6922690272331238 3099
1625182030031 0.6919980049133301 3149
1625182095877 0.6920747756958008 3199
1625182161337 0.690407395362854 3249
1625182224993 0.6957083940505981 3299
1625182335407 0.7132986783981323 9
1625182392586 0.6920523643493652 3349
1625182458109 0.6957448124885559 3399
1625182524212 0.6940521001815796 3449
1625182590021 0.6919552087783813 3499
1625182655523 0.6901415586471558 3549
1625182721691 0.689437747001648 3599
1625182784437 0.6945908069610596 3649
1625182869315 0.6830874681472778 10
1625182951361 0.6921750903129578 3699
1625183017072 0.6900081634521484 3749
1625183082545 0.6866254806518555 3799
1625183148009 0.6914336681365967 3849
1625183213935 0.688788890838623 3899
1625183278714 0.6930590271949768 3949
1625183408537 0.7047911286354065 11
1625183441961 0.6887339353561401 3999
1625183510857 0.6887661814689636 4049
1625183576641 0.6823609471321106 4099
1625183642683 0.6850867867469788 4149
1625183708656 0.6834723949432373 4199
1625183773937 0.6936237812042236 4249
1625183837690 0.6820202469825745 4299
1625183945368 0.711409866809845 12
1625184007379 0.6885159015655518 4349
1625184073058 0.6776947975158691 4399
1625184139300 0.6901756525039673 4449
1625184204911 0.684388279914856 4499
1625184270752 0.6876090168952942 4549
1625184336688 0.6818413734436035 4599
1625184399464 0.6862915754318237 4649
1625184483264 0.7174253463745117 13
1625184564374 0.6889541149139404 4699
1625184630804 0.6833138465881348 4749
1625184697128 0.6829730272293091 4799
1625184762715 0.690475583076477 4849
1625184828125 0.6906553506851196 4899
1625184892592 0.6795575618743896 4949
1625185019554 0.6559418439865112 14
1625185052595 0.6871411800384521 4999
1625185121897 0.6806269288063049 5049
1625185188054 0.6795554161071777 5099
1625185253733 0.6740176677703857 5149
1625185319299 0.6688703298568726 5199
1625185385578 0.6808810830116272 5249
1625185449585 0.6819143295288086 5299
1625185553361 0.6444464921951294 15
1625185609115 0.6928168535232544 5349
1625185674512 0.6728315353393555 5399
1625185740635 0.668656587600708 5449
1625185807356 0.6722785234451294 5499
1625185872838 0.6767244935035706 5549
1625185938524 0.6842734813690186 5599
1625186001253 0.6717883348464966 5649
1625186082683 0.6050758361816406 16
1625186166562 0.6776212453842163 5699
1625186232347 0.6751289367675781 5749
1625186298474 0.6621929407119751 5799
1625186364498 0.657950758934021 5849
1625186430479 0.6337748169898987 5899
1625186494631 0.6640769243240356 5949
1625186624394 0.6354646682739258 17
1625186660912 0.6898494958877563 5999
1625186730886 0.6522210836410522 6049
1625186797113 0.6529170870780945 6099
1625186863417 0.6694654226303101 6149
1625186929141 0.6578540802001953 6199
1625186995172 0.6534677743911743 6249
1625187058756 0.6562144756317139 6299
1625187162729 0.7081553936004639 18
1625187224553 0.6586503982543945 6349
1625187290214 0.6451736688613892 6399
1625187356162 0.6570479273796082 6449
1625187422652 0.6440088152885437 6499
1625187488224 0.6441009044647217 6549
1625187554023 0.6462446451187134 6599
1625187616777 0.6619734168052673 6649
1625187698138 0.626352846622467 19
1625187780585 0.6269351243972778 6699
1625187846765 0.6412428021430969 6749
1625187913227 0.6685519814491272 6799
1625187978546 0.6364884376525879 6849
1625188044280 0.6528830528259277 6899
1625188108870 0.6541866064071655 6949
1625188233246 0.6763775944709778 20
1625188267981 0.6663994193077087 6999
1625188338740 0.6473881006240845 7049
1625188405664 0.6295498609542847 7099
1625188472483 0.6685714721679688 7149
1625188537963 0.6220183372497559 7199
1625188604015 0.6338316202163696 7249
1625188667739 0.6690376996994019 7299
1625188772858 0.6681453585624695 21
1625188836132 0.6624677181243896 7349
1625188901727 0.6449313163757324 7399
1625188967143 0.634449303150177 7449
1625189032732 0.6358792185783386 7499
1625189098106 0.6526013016700745 7549
1625189164136 0.652745246887207 7599
1625189226860 0.6397382020950317 7649
1625189309531 0.6882409453392029 22
1625189392992 0.6346619129180908 7699
1625189459159 0.6074777245521545 7749
1625189525767 0.6412723660469055 7799
1625189591653 0.6455943584442139 7849
1625189657877 0.6357191801071167 7899
1625189722551 0.6310676336288452 7949
1625189846531 0.6310807466506958 23
1625189885365 0.6294028759002686 7999
1625189955181 0.6304688453674316 8049
1625190021365 0.6354498863220215 8099
1625190087273 0.6500937342643738 8149
1625190153690 0.6145277619361877 8199
1625190218867 0.642320454120636 8249
1625190282730 0.6463373899459839 8299
1625190385009 0.6150068044662476 24
1625190450364 0.6364925503730774 8349
1625190515955 0.612739086151123 8399
1625190582101 0.6491252183914185 8449
1625190647928 0.6386088132858276 8499
1625190713529 0.6390417814254761 8549
1625190779503 0.6509912014007568 8599
1625190842256 0.646003007888794 8649
1625190923068 0.6598192453384399 25
1625191009012 0.6426334381103516 8699
1625191074964 0.6420658826828003 8749
1625191141718 0.6289447546005249 8799
1625191207765 0.6292153000831604 8849
1625191273554 0.626305103302002 8899
1625191338124 0.6318340301513672 8949
1625191459728 0.6328285932540894 26
1625191506007 0.6073859333992004 8999
1625191571480 0.6165039539337158 9049
1625191637803 0.6441552042961121 9099
1625191703187 0.6152656078338623 9149
1625191768822 0.6231973171234131 9199
1625191834246 0.6377724409103394 9249
1625191897533 0.6289589405059814 9299
1625192000221 0.6625901460647583 27
1625192067184 0.6112774610519409 9349
1625192132880 0.6304194927215576 9399
1625192198884 0.6194360256195068 9449
1625192264617 0.6484367847442627 9499
1625192330064 0.6239569187164307 9549
1625192395310 0.6235451102256775 9599
1625192458037 0.615379810333252 9649
1625192539614 0.6164126992225647 28
1625192625695 0.6359341144561768 9699
1625192691110 0.6097878813743591 9749
1625192757126 0.6391993761062622 9799
1625192823354 0.6106481552124023 9849
1625192890028 0.6096460819244385 9899
1625192954667 0.6369938850402832 9949
1625193078055 0.5423011779785156 29
1625193122716 0.6311801075935364 9999
1625193189445 0.62897127866745 10049
1625193255325 0.6477318406105042 10099
1625193320888 0.6278159022331238 10149
1625193386788 0.6226754784584045 10199
1625193452034 0.6332186460494995 10249
1625193515483 0.6236444711685181 10299
1625193611627 0.587125301361084 30
1625193680950 0.6563383340835571 10349
1625193746072 0.6110278964042664 10399
1625193812980 0.638229489326477 10449
1625193878776 0.6275578737258911 10499
1625193944810 0.6346708536148071 10549
1625194010172 0.6296720504760742 10599
1625194072931 0.637980580329895 10649
1625194154363 0.678279459476471 31
1625194246155 0.6201653480529785 10699
1625194311902 0.6105762720108032 10749
1625194379373 0.6252402067184448 10799
1625194445374 0.648116409778595 10849
1625194511611 0.6179398894309998 10899
1625194575616 0.6624999046325684 10949
1625194693350 0.49002906680107117 32
1625194737894 0.6350713968276978 10999
1625194803552 0.6221588253974915 11049
1625194869787 0.6506775617599487 11099
1625194936106 0.6307557821273804 11149
1625195001907 0.6026822328567505 11199
1625195067940 0.626358687877655 11249
1625195131212 0.6312375664710999 11299
1625195231632 0.6397320032119751 33
1625195302295 0.6362265348434448 11349
1625195368011 0.6368156671524048 11399
1625195434039 0.6133482456207275 11449
1625195500343 0.639411449432373 11499
1625195565832 0.6407568454742432 11549
1625195631476 0.6032094359397888 11599
1625195694187 0.6089733839035034 11649
1625195773753 0.45193982124328613 34
1625195865108 0.6420291662216187 11699
1625195930784 0.6160905361175537 11749
1625195996812 0.6325570940971375 11799
1625196062413 0.6229033470153809 11849
1625196127841 0.6131685972213745 11899
1625196192065 0.5997858047485352 11949
1625196310822 0.6859595775604248 35
1625196357157 0.6317045092582703 11999
1625196423375 0.642509937286377 12049
1625196489635 0.617563009262085 12099
1625196555262 0.6482672691345215 12149
1625196621054 0.6222242712974548 12199
1625196686825 0.6491933465003967 12249
1625196749957 0.6130082607269287 12299
1625196848866 0.6564804315567017 36
1625196917197 0.6130023002624512 12349
1625196982519 0.6177515983581543 12399
1625197048344 0.6234740614891052 12449
1625197114193 0.6516543626785278 12499
1625197179456 0.6424945592880249 12549
1625197245147 0.6229596138000488 12599
1625197307914 0.5959801077842712 12649
1625197383126 0.5824488401412964 37
1625197476603 0.6149036884307861 12699
1625197542360 0.6138944029808044 12749
1625197607982 0.6315825581550598 12799
1625197673475 0.6241584420204163 12849
1625197739465 0.6145448088645935 12899
1625197804058 0.6230548024177551 12949
1625197923769 0.576455295085907 38
1625197971283 0.6247262954711914 12999
1625198037470 0.623019814491272 13049
1625198103869 0.6352333426475525 13099
1625198169841 0.6268267631530762 13149
1625198235926 0.6363085508346558 13199
1625198301896 0.6124275922775269 13249
1625198365306 0.6122985482215881 13299
1625198463405 0.6711191534996033 39
1625198530782 0.6099957227706909 13349
1625198597237 0.6269474029541016 13399
1625198663628 0.6334439516067505 13449
1625198730703 0.6124135255813599 13499
1625198796108 0.6107563972473145 13549
1625198860887 0.6189646124839783 13599
1625198923625 0.6032848358154297 13649
1625198998111 0.6968615055084229 40
1625199089144 0.6477793455123901 13699
1625199154723 0.5998311638832092 13749
1625199220778 0.639508068561554 13799
1625199286719 0.6146395802497864 13849
1625199352446 0.6190416812896729 13899
1625199416911 0.6209077835083008 13949
1625199533368 0.6660236716270447 41
1625199584132 0.6228501796722412 13999
1625199649192 0.6213237643241882 14049
1625199716030 0.6336632966995239 14099
1625199781468 0.6020931005477905 14149
1625199846269 0.6199079751968384 14199
1625199912957 0.6360791921615601 14249
1625199975910 0.6339361667633057 14299
1625200066862 0.6634572744369507 42
1625200139409 0.631192684173584 14349
1625200205049 0.6227031350135803 14399
1625200271500 0.6162344217300415 14449
1625200338100 0.6326200366020203 14499
1625200403876 0.6343353986740112 14549
1625200468715 0.6171484589576721 14599
1625200531479 0.6300958395004272 14649
1625200602115 0.6416180729866028 43
1625200694595 0.6258529424667358 14699
1625200760478 0.6192038655281067 14749
1625200826600 0.6186505556106567 14799
1625200892008 0.6273229122161865 14849
1625200957881 0.6166242361068726 14899
1625201021973 0.6312252283096313 14949
1625201136880 0.6532564163208008 44
1625201183453 0.6330652236938477 14999
1625201250462 0.627873420715332 15049
1625201318144 0.5877285599708557 15099
1625201383874 0.6205942034721375 15149
1625201449843 0.6029254198074341 15199
1625201514676 0.6419159770011902 15249
1625201577688 0.6237253546714783 15299
1625201668367 0.6202596426010132 45
1625201739353 0.6414080858230591 15349
1625201805445 0.602033257484436 15399
1625201870850 0.6026331186294556 15449
1625201936404 0.6490131616592407 15499
1625202002055 0.615959644317627 15549
1625202067128 0.6083732843399048 15599
1625202129789 0.6238696575164795 15649
1625202204453 0.5355780124664307 46
1625202299809 0.6355972290039062 15699
1625202365573 0.6263052225112915 15749
1625202430757 0.6270167231559753 15799
1625202496274 0.6159220933914185 15849
1625202561635 0.6380100250244141 15899
1625202625678 0.6381967067718506 15949
1625202733537 0.5395806431770325 47
1625202782414 0.6129174828529358 15999
1625202848017 0.6376694440841675 16049
1625202913887 0.6105108857154846 16099
1625202979161 0.6161036491394043 16149
1625203044186 0.6019290089607239 16199
1625203110017 0.6301712989807129 16249
1625203172988 0.6161911487579346 16299
1625203265649 0.6184016466140747 48
1625203342768 0.6177563667297363 16349
1625203408715 0.6470340490341187 16399
1625203474592 0.6128432750701904 16449
1625203540133 0.6264142990112305 16499
1625203605774 0.6215758323669434 16549
1625203670760 0.6183550357818604 16599
1625203734378 0.6201349496841431 16649
1625203802001 0.6201349496841431 49
