1625177500468 0.6933295726776123 0
1625178033246 0.6933585405349731 1
1625178570908 0.6932950615882874 2
1625179105377 0.6930102705955505 3
1625179646894 0.6923526525497437 4
1625180185587 0.6966386437416077 5
1625180724071 0.6932423114776611 6
1625181257569 0.6931170225143433 7
1625181799658 0.6930704116821289 8
1625182335407 0.7132986783981323 9
1625182869315 0.6830874681472778 10
1625183408537 0.7047911286354065 11
1625183945368 0.711409866809845 12
1625184483264 0.7174253463745117 13
1625185019554 0.6559418439865112 14
1625185553361 0.6444464921951294 15
1625186082683 0.6050758361816406 16
1625186624394 0.6354646682739258 17
1625187162729 0.7081553936004639 18
1625187698138 0.626352846622467 19
1625188233246 0.6763775944709778 20
1625188772858 0.6681453585624695 21
1625189309531 0.6882409453392029 22
1625189846531 0.6310807466506958 23
1625190385009 0.6150068044662476 24
1625190923068 0.6598192453384399 25
1625191459728 0.6328285932540894 26
1625192000221 0.6625901460647583 27
1625192539614 0.6164126992225647 28
1625193078055 0.5423011779785156 29
1625193611627 0.587125301361084 30
1625194154363 0.678279459476471 31
1625194693350 0.49002906680107117 32
1625195231632 0.6397320032119751 33
1625195773753 0.45193982124328613 34
1625196310822 0.6859595775604248 35
1625196848866 0.6564804315567017 36
1625197383126 0.5824488401412964 37
1625197923769 0.576455295085907 38
1625198463405 0.6711191534996033 39
1625198998111 0.6968615055084229 40
1625199533368 0.6660236716270447 41
1625200066862 0.6634572744369507 42
1625200602115 0.6416180729866028 43
1625201136880 0.6532564163208008 44
1625201668367 0.6202596426010132 45
1625202204453 0.5355780124664307 46
1625202733537 0.5395806431770325 47
1625203265649 0.6184016466140747 48
1625203802001 0.6201349496841431 49
