1625177431479 0.6931912302970886 332
1625177500468 0.6931912302970886 0
1625177964200 0.6931605935096741 665
1625178033246 0.6931605935096741 1
1625178501679 0.6931557655334473 998
1625178570908 0.6931557655334473 2
1625179036041 0.6931531429290771 1331
1625179105377 0.6931531429290771 3
1625179576910 0.693146288394928 1664
1625179646894 0.693146288394928 4
1625180117519 0.6931564211845398 1997
1625180185587 0.6931564211845398 5
1625180653764 0.6931552886962891 2330
1625180724071 0.6931552886962891 6
1625181188182 0.6931468844413757 2663
1625181257569 0.6931468844413757 7
1625181728776 0.6931126713752747 2996
1625181799658 0.6931126713752747 8
1625182263993 0.692474365234375 3329
1625182335407 0.692474365234375 9
1625182802007 0.6909788846969604 3662
1625182869315 0.6909788846969604 10
1625183337866 0.6899845600128174 3995
1625183408537 0.6899845600128174 11
1625183875360 0.6882069706916809 4328
1625183945368 0.6882069706916809 12
1625184415813 0.6871054172515869 4661
1625184483264 0.6871054172515869 13
1625184950519 0.6858990788459778 4994
1625185019554 0.6858990788459778 14
1625185486067 0.6832040548324585 5327
1625185553361 0.6832040548324585 15
1625186016362 0.6774488687515259 5660
1625186082683 0.6774488687515259 16
1625186551690 0.6654651761054993 5993
1625186624394 0.6654651761054993 17
1625187093900 0.6576693654060364 6326
1625187162729 0.6576693654060364 18
1625187630183 0.6514124274253845 6659
1625187698138 0.6514124274253845 19
1625188164140 0.6470811367034912 6992
1625188233246 0.6470811367034912 20
1625188701874 0.6440331935882568 7325
1625188772858 0.6440331935882568 21
1625189239365 0.6401793956756592 7658
1625189309531 0.6401793956756592 22
1625189776557 0.6377482414245605 7991
1625189846531 0.6377482414245605 23
1625190315420 0.6366247534751892 8324
1625190385009 0.6366247534751892 24
1625190853567 0.6333815455436707 8657
1625190923068 0.6333815455436707 25
1625191391402 0.6339669823646545 8990
1625191459728 0.6339669823646545 26
1625191929003 0.6324765682220459 9323
1625192000221 0.6324765682220459 27
1625192468208 0.6308750510215759 9656
1625192539614 0.6308750510215759 28
1625193006176 0.6293262243270874 9989
1625193078055 0.6293262243270874 29
1625193545740 0.6290587186813354 10322
1625193611627 0.6290587186813354 30
1625194081760 0.628034770488739 10655
1625194154363 0.628034770488739 31
1625194625845 0.628205418586731 10988
1625194693350 0.628205418586731 32
1625195160156 0.6265349984169006 11321
1625195231632 0.6265349984169006 33
1625195701849 0.6261574625968933 11654
1625195773753 0.6261574625968933 34
1625196241159 0.6250656843185425 11987
1625196310822 0.6250656843185425 35
1625196777597 0.6246041655540466 12320
1625196848866 0.6246041655540466 36
1625197314253 0.6231220960617065 12653
1625197383126 0.6231220960617065 37
1625197851882 0.6254730224609375 12986
1625197923769 0.6254730224609375 38
1625198391992 0.6239396333694458 13319
1625198463405 0.6239396333694458 39
1625198928757 0.62440025806427 13652
1625198998111 0.62440025806427 40
1625199463400 0.6234912872314453 13985
1625199533368 0.6234912872314453 41
1625200001030 0.6231794953346252 14318
1625200066862 0.6231794953346252 42
1625200535320 0.6233441233634949 14651
1625200602115 0.6233441233634949 43
1625201067004 0.624153733253479 14984
1625201136880 0.624153733253479 44
1625201601301 0.6231383085250854 15317
1625201668367 0.6231383085250854 45
1625202132075 0.6239994764328003 15650
1625202204453 0.6239994764328003 46
1625202669292 0.6228898167610168 15983
1625202733537 0.6228898167610168 47
1625203195418 0.6232656836509705 16316
1625203265649 0.6232656836509705 48
1625203734450 0.6227304935455322 16649
1625203802001 0.6227304935455322 49
