1623428782810 0 49
1623428804360 0 99
1623428827170 0 149
1623428847168 0 199
1623428866259 0 249
1623428890559 0 299
1623428911725 0 349
1623428929749 0 399
1623428953153 0 449
1623428975438 0 499
1623428998384 0 549
1623429022919 0 599
1623429046769 0 649
1623429066933 0 699
1623429087253 0 749
1623429107600 0 799
1623429126477 0 849
1623429146738 0 899
1623429169736 0 949
1623429192604 0 999
1623429216004 0 1049
1623429241119 0 1099
1623429263739 0 1149
1623429288720 0 1199
1623429311712 0 1249
1623429330104 0 1299
1623429339087 0 1328
1623429425063 0 1328
1623429444024 1 1349
1623429460738 1 1399
1623429481756 1 1449
1623429502040 1 1499
1623429523745 1 1549
1623429549130 1 1599
1623429568602 1 1649
1623429586194 1 1699
1623429607263 1 1749
1623429630122 1 1799
1623429652355 1 1849
1623429675051 1 1899
1623429698319 1 1949
1623429724870 1 1999
1623429744872 1 2049
1623429762510 1 2099
1623429787129 1 2149
1623429806802 1 2199
1623429829784 1 2249
1623429856881 1 2299
1623429879765 1 2349
1623429899712 1 2399
1623429919830 1 2449
1623429939142 1 2499
1623429956959 1 2549
1623429981337 1 2599
1623430004350 1 2649
1623430007405 1 2657
1623430092857 1 2657
1623430118763 2 2699
1623430137563 2 2749
1623430156433 2 2799
1623430172712 2 2849
1623430194071 2 2899
1623430217073 2 2949
1623430240430 2 2999
1623430263105 2 3049
1623430287485 2 3099
1623430306744 2 3149
1623430329593 2 3199
1623430353791 2 3249
1623430375722 2 3299
1623430400455 2 3349
1623430417673 2 3399
1623430440025 2 3449
1623430465856 2 3499
1623430489329 2 3549
1623430509295 2 3599
1623430532426 2 3649
1623430552208 2 3699
1623430572707 2 3749
1623430591372 2 3799
1623430610066 2 3849
1623430634398 2 3899
1623430657651 2 3949
1623430672858 2 3986
1623430758823 2 3986
1623430771753 3 3999
1623430788934 3 4049
1623430812425 3 4099
1623430834184 3 4149
1623430861222 3 4199
1623430880075 3 4249
1623430897534 3 4299
1623430918148 3 4349
1623430943326 3 4399
1623430960917 3 4449
1623430982812 3 4499
1623431006185 3 4549
1623431032723 3 4599
1623431053438 3 4649
1623431071572 3 4699
1623431091883 3 4749
1623431115395 3 4799
1623431140940 3 4849
1623431161968 3 4899
1623431186303 3 4949
1623431209175 3 4999
1623431232539 3 5049
1623431252250 3 5099
1623431271095 3 5149
1623431290923 3 5199
1623431314971 3 5249
1623431337144 3 5299
1623431342819 3 5315
1623431424419 3 5315
1623431444126 4 5349
1623431465727 4 5399
1623431487437 4 5449
1623431508950 4 5499
1623431531359 4 5549
1623431555258 4 5599
1623431572463 4 5649
1623431597360 4 5699
1623431619662 4 5749
1623431642297 4 5799
1623431666161 4 5849
1623431685074 4 5899
1623431708093 4 5949
1623431731183 4 5999
1623431756471 4 6049
1623431775862 4 6099
1623431797752 4 6149
1623431821567 4 6199
1623431844816 4 6249
1623431870597 4 6299
1623431889025 4 6349
1623431912305 4 6399
1623431936398 4 6449
1623431960743 4 6499
1623431983980 4 6549
1623432008088 4 6599
1623432027147 4 6644
1623432110085 4 6644
1623432117870 5 6649
1623432138137 5 6699
1623432159422 5 6749
1623432180752 5 6799
1623432202522 5 6849
1623432224699 5 6899
1623432251330 5 6949
1623432269414 5 6999
1623432290494 5 7049
1623432312085 5 7099
1623432335926 5 7149
1623432359189 5 7199
1623432381947 5 7249
1623432405521 5 7299
1623432428986 5 7349
1623432454610 5 7399
1623432473986 5 7449
1623432498140 5 7499
1623432522959 5 7549
1623432545988 5 7599
1623432569193 5 7649
1623432593337 5 7699
1623432615205 5 7749
1623432633842 5 7799
1623432658392 5 7849
1623432681110 5 7899
1623432706373 5 7949
1623432712942 5 7973
1623432795523 5 7973
1623432812347 6 7999
1623432833437 6 8049
1623432855139 6 8099
1623432879247 6 8149
1623432902735 6 8199
1623432921711 6 8249
1623432943946 6 8299
1623432970277 6 8349
1623432986077 6 8399
1623433008568 6 8449
1623433031794 6 8499
1623433054911 6 8549
1623433079080 6 8599
1623433103125 6 8649
1623433126624 6 8699
1623433146505 6 8749
1623433173026 6 8799
1623433194562 6 8849
1623433214898 6 8899
1623433235152 6 8949
1623433253431 6 8999
1623433275009 6 9049
1623433301404 6 9099
1623433321072 6 9149
1623433338809 6 9199
1623433362119 6 9249
1623433382885 6 9299
1623433385052 6 9302
1623433471203 6 9302
1623433495134 7 9349
1623433517475 7 9399
1623433540001 7 9449
1623433562495 7 9499
1623433584564 7 9549
1623433609773 7 9599
1623433627739 7 9649
1623433651939 7 9699
1623433674786 7 9749
1623433698938 7 9799
1623433721659 7 9849
1623433744168 7 9899
1623433766753 7 9949
1623433790866 7 9999
1623433810979 7 10049
1623433834097 7 10099
1623433860442 7 10149
1623433882389 7 10199
1623433900169 7 10249
1623433921665 7 10299
1623433946264 7 10349
1623433969883 7 10399
1623433993252 7 10449
1623434018079 7 10499
1623434040440 7 10549
1623434065264 7 10599
1623434075364 7 10631
1623434159400 7 10631
1623434176709 8 10649
1623434195596 8 10699
1623434215056 8 10749
1623434232298 8 10799
1623434251494 8 10849
1623434274167 8 10899
1623434295881 8 10949
1623434318398 8 10999
1623434344141 8 11049
1623434363625 8 11099
1623434382590 8 11149
1623434402100 8 11199
1623434419971 8 11249
1623434444308 8 11299
1623434465294 8 11349
1623434486452 8 11399
1623434513595 8 11449
1623434534721 8 11499
1623434553819 8 11549
1623434572907 8 11599
1623434596697 8 11649
1623434619823 8 11699
1623434643949 8 11749
1623434666824 8 11799
1623434689914 8 11849
1623434713067 8 11899
1623434735698 8 11949
1623434739928 8 11960
1623434823941 8 11960
1623434849415 9 11999
1623434868220 9 12049
1623434884795 9 12099
1623434903920 9 12149
1623434926605 9 12199
1623434950426 9 12249
1623434974015 9 12299
1623434996894 9 12349
1623435020455 9 12399
1623435041239 9 12449
1623435066169 9 12499
1623435084415 9 12549
1623435107790 9 12599
1623435131307 9 12649
1623435153870 9 12699
1623435176811 9 12749
1623435202517 9 12799
1623435224295 9 12849
1623435243780 9 12899
1623435266721 9 12949
1623435290347 9 12999
1623435314957 9 13049
1623435339661 9 13099
1623435362850 9 13149
1623435384727 9 13199
1623435409277 9 13249
1623435421069 9 13289
1623435508092 9 13289
1623435518558 10 13299
1623435539112 10 13349
1623435560720 10 13399
1623435585309 10 13449
1623435608909 10 13499
1623435628306 10 13549
1623435647688 10 13599
1623435663917 10 13649
1623435685885 10 13699
1623435709191 10 13749
1623435731594 10 13799
1623435755323 10 13849
1623435777884 10 13899
1623435802529 10 13949
1623435830345 10 13999
1623435847255 10 14049
1623435869528 10 14099
1623435893177 10 14149
1623435920108 10 14199
1623435939659 10 14249
1623435957746 10 14299
1623435981855 10 14349
1623436006664 10 14399
1623436028703 10 14449
1623436052882 10 14499
1623436076851 10 14549
1623436099059 10 14599
1623436104551 10 14618
1623436190670 10 14618
1623436212173 11 14649
1623436229745 11 14699
1623436248059 11 14749
1623436271193 11 14799
1623436293927 11 14849
1623436316407 11 14899
1623436339592 11 14949
1623436362664 11 14999
1623436385222 11 15049
1623436408993 11 15099
1623436431718 11 15149
1623436455651 11 15199
1623436478327 11 15249
1623436501367 11 15299
1623436524887 11 15349
1623436550015 11 15399
1623436573548 11 15449
1623436598138 11 15499
1623436621599 11 15549
1623436647068 11 15599
1623436667324 11 15649
1623436692373 11 15699
1623436709996 11 15749
1623436733659 11 15799
1623436759544 11 15849
1623436779599 11 15899
1623436794360 11 15947
1623436880599 11 15947
1623436887628 12 15949
1623436907324 12 15999
1623436929228 12 16049
1623436951129 12 16099
1623436973213 12 16149
1623436995700 12 16199
1623437018596 12 16249
1623437043074 12 16299
1623437067539 12 16349
1623437087257 12 16399
1623437104756 12 16449
1623437130774 12 16499
1623437146784 12 16549
1623437169528 12 16599
1623437194286 12 16649
1623437217490 12 16699
1623437242193 12 16749
1623437266199 12 16799
1623437287942 12 16849
1623437307429 12 16899
1623437332408 12 16949
1623437354493 12 16999
1623437379965 12 17049
1623437400683 12 17099
1623437420235 12 17149
1623437438273 12 17199
1623437461520 12 17249
1623437473606 12 17276
1623437557614 12 17276
1623437572240 13 17299
1623437593883 13 17349
1623437615771 13 17399
1623437637667 13 17449
1623437659632 13 17499
1623437684259 13 17549
1623437707956 13 17599
1623437730543 13 17649
1623437754169 13 17699
1623437773864 13 17749
1623437796530 13 17799
1623437824197 13 17849
1623437853610 13 17899
1623437875508 13 17949
1623437898251 13 17999
1623437921410 13 18049
1623437943174 13 18099
1623437964076 13 18149
1623437985739 13 18199
1623438009556 13 18249
1623438031168 13 18299
1623438055252 13 18349
1623438080939 13 18399
1623438102554 13 18449
1623438120531 13 18499
1623438143907 13 18549
1623438166952 13 18599
1623438170217 13 18605
1623438255532 13 18605
1623438279056 14 18649
1623438300465 14 18699
1623438325376 14 18749
1623438347594 14 18799
1623438369957 14 18849
1623438392342 14 18899
1623438415278 14 18949
1623438440801 14 18999
1623438459775 14 19049
1623438481148 14 19099
1623438507282 14 19149
1623438526661 14 19199
1623438549436 14 19249
1623438574154 14 19299
1623438594881 14 19349
1623438616658 14 19399
1623438641089 14 19449
1623438662241 14 19499
1623438684185 14 19549
1623438707761 14 19599
1623438731166 14 19649
1623438755759 14 19699
1623438779130 14 19749
1623438802645 14 19799
1623438826833 14 19849
1623438849646 14 19899
1623438866096 14 19934
1623438955619 14 19934
1623438972227 15 19949
1623438991838 15 19999
1623439010884 15 20049
1623439028122 15 20099
1623439047549 15 20149
1623439070569 15 20199
1623439094517 15 20249
1623439117887 15 20299
1623439139874 15 20349
1623439162220 15 20399
1623439185012 15 20449
1623439208516 15 20499
1623439231457 15 20549
1623439255675 15 20599
1623439282197 15 20649
1623439302963 15 20699
1623439321395 15 20749
1623439342070 15 20799
1623439366885 15 20849
1623439390929 15 20899
1623439416259 15 20949
1623439440401 15 20999
1623439466887 15 21049
1623439489237 15 21099
1623439514048 15 21149
1623439535873 15 21199
1623439557890 15 21249
1623439563598 15 21263
1623439653929 15 21263
1623439678216 16 21299
1623439697510 16 21349
1623439716913 16 21399
1623439736298 16 21449
1623439752909 16 21499
1623439776149 16 21549
1623439801178 16 21599
1623439820345 16 21649
1623439845065 16 21699
1623439865519 16 21749
1623439888684 16 21799
1623439913560 16 21849
1623439936466 16 21899
1623439962907 16 21949
1623439982479 16 21999
1623440007768 16 22049
1623440029154 16 22099
1623440049248 16 22149
1623440072810 16 22199
1623440097801 16 22249
1623440124206 16 22299
1623440142462 16 22349
1623440170526 16 22399
1623440190635 16 22449
1623440208429 16 22499
1623440231952 16 22549
1623440251067 16 22592
1623440341077 16 22592
1623440351819 17 22599
1623440373508 17 22649
1623440392733 17 22699
1623440412530 17 22749
1623440432096 17 22799
1623440451380 17 22849
1623440471156 17 22899
1623440488834 17 22949
1623440510742 17 22999
1623440533693 17 23049
1623440556699 17 23099
1623440580473 17 23149
1623440605129 17 23199
1623440625810 17 23249
1623440650822 17 23299
1623440677269 17 23349
1623440696797 17 23399
1623440720228 17 23449
1623440743990 17 23499
1623440771666 17 23549
1623440789801 17 23599
1623440812125 17 23649
1623440835771 17 23699
1623440861872 17 23749
1623440879480 17 23799
1623440905170 17 23849
1623440927117 17 23899
1623440936796 17 23921
1623441023218 17 23921
1623441041195 18 23949
1623441062828 18 23999
1623441089104 18 24049
1623441106112 18 24099
1623441129886 18 24149
1623441150927 18 24199
1623441173862 18 24249
1623441196763 18 24299
1623441218405 18 24349
1623441243447 18 24399
1623441265857 18 24449
1623441284485 18 24499
1623441308646 18 24549
1623441329953 18 24599
1623441352738 18 24649
1623441377462 18 24699
1623441400232 18 24749
1623441426864 18 24799
1623441445675 18 24849
1623441470259 18 24899
1623441493934 18 24949
1623441517544 18 24999
1623441540530 18 25049
1623441566264 18 25099
1623441590356 18 25149
1623441613157 18 25199
1623441631652 18 25249
1623441633471 18 25250
1623441721983 18 25250
1623441749724 19 25299
1623441768908 19 25349
1623441791499 19 25399
1623441814102 19 25449
1623441836936 19 25499
1623441859224 19 25549
1623441882381 19 25599
1623441907825 19 25649
1623441929149 19 25699
1623441947219 19 25749
1623441965486 19 25799
1623441988700 19 25849
1623442014563 19 25899
1623442036935 19 25949
1623442055735 19 25999
1623442078801 19 26049
1623442103216 19 26099
1623442128192 19 26149
1623442153089 19 26199
1623442174169 19 26249
1623442193902 19 26299
1623442217886 19 26349
1623442242210 19 26399
1623442265926 19 26449
1623442294683 19 26499
1623442315248 19 26549
1623442322995 19 26579
1623442408425 19 26579
1623442423825 20 26599
1623442443535 20 26649
1623442466410 20 26699
1623442487947 20 26749
1623442510664 20 26799
1623442533875 20 26849
1623442557561 20 26899
1623442580847 20 26949
1623442606356 20 26999
1623442623920 20 27049
1623442646890 20 27099
1623442670484 20 27149
1623442694803 20 27199
1623442718706 20 27249
1623442743894 20 27299
1623442767870 20 27349
1623442791881 20 27399
1623442815444 20 27449
1623442838515 20 27499
1623442863509 20 27549
1623442889769 20 27599
1623442909031 20 27649
1623442934547 20 27699
1623442958446 20 27749
1623442984037 20 27799
1623443005026 20 27849
1623443028906 20 27899
1623443032327 20 27908
1623443117876 20 27908
1623443140618 21 27949
1623443162565 21 27999
1623443184581 21 28049
1623443207201 21 28099
1623443233520 21 28149
1623443252917 21 28199
1623443275717 21 28249
1623443298787 21 28299
1623443325026 21 28349
1623443340642 21 28399
1623443363167 21 28449
1623443389043 21 28499
1623443409471 21 28549
1623443434916 21 28599
1623443460820 21 28649
1623443480737 21 28699
1623443501333 21 28749
1623443525066 21 28799
1623443546193 21 28849
1623443566754 21 28899
1623443586021 21 28949
1623443604083 21 28999
1623443629457 21 29049
1623443653078 21 29099
1623443677124 21 29149
1623443700969 21 29199
1623443717837 21 29237
1623443804853 21 29237
1623443820695 22 29249
1623443839383 22 29299
1623443857682 22 29349
1623443878567 22 29399
1623443901829 22 29449
1623443922296 22 29499
1623443945395 22 29549
1623443970113 22 29599
1623443991505 22 29649
1623444015464 22 29699
1623444039472 22 29749
1623444058373 22 29799
1623444076237 22 29849
1623444101079 22 29899
1623444124755 22 29949
1623444146339 22 29999
1623444170148 22 30049
1623444193842 22 30099
1623444218252 22 30149
1623444243313 22 30199
1623444266883 22 30249
1623444290238 22 30299
1623444314916 22 30349
1623444339880 22 30399
1623444363465 22 30449
1623444386106 22 30499
1623444410404 22 30549
1623444415822 22 30566
1623444502088 22 30566
1623444523767 23 30599
1623444545278 23 30649
1623444566820 23 30699
1623444589458 23 30749
1623444611525 23 30799
1623444635848 23 30849
1623444658461 23 30899
1623444680674 23 30949
1623444705605 23 30999
1623444726141 23 31049
1623444749414 23 31099
1623444771508 23 31149
1623444794858 23 31199
1623444821096 23 31249
1623444845282 23 31299
1623444865382 23 31349
1623444884227 23 31399
1623444909752 23 31449
1623444929909 23 31499
1623444956799 23 31549
1623444979190 23 31599
1623444998992 23 31649
1623445023208 23 31699
1623445049334 23 31749
1623445071908 23 31799
1623445090749 23 31849
1623445107687 23 31895
1623445191915 23 31895
1623445200412 24 31899
1623445221725 24 31949
1623445243926 24 31999
1623445265914 24 32049
1623445288242 24 32099
1623445310526 24 32149
1623445337800 24 32199
1623445358887 24 32249
1623445375145 24 32299
1623445396402 24 32349
1623445422097 24 32399
1623445448699 24 32449
1623445466565 24 32499
1623445490779 24 32549
1623445515025 24 32599
1623445538953 24 32649
1623445567345 24 32699
1623445588281 24 32749
1623445609195 24 32799
1623445633187 24 32849
1623445657040 24 32899
1623445679998 24 32949
1623445704304 24 32999
1623445727426 24 33049
1623445745424 24 33099
1623445768915 24 33149
1623445793437 24 33199
1623445803869 24 33224
1623445895089 24 33224
1623445914910 25 33249
1623445934281 25 33299
1623445953719 25 33349
1623445973507 25 33399
1623445991751 25 33449
1623446011608 25 33499
1623446035171 25 33549
1623446057747 25 33599
1623446081976 25 33649
1623446102208 25 33699
1623446125052 25 33749
1623446150374 25 33799
1623446170358 25 33849
1623446194199 25 33899
1623446218824 25 33949
1623446244656 25 33999
1623446268431 25 34049
1623446287089 25 34099
1623446310967 25 34149
1623446337080 25 34199
1623446359889 25 34249
1623446379731 25 34299
1623446404060 25 34349
1623446429121 25 34399
1623446452572 25 34449
1623446477168 25 34499
1623446498910 25 34549
1623446501691 25 34553
1623446590606 25 34553
1623446620091 26 34599
1623446644414 26 34649
1623446668796 26 34699
1623446693771 26 34749
1623446718587 26 34799
1623446743803 26 34849
1623446768100 26 34899
1623446793254 26 34949
1623446817863 26 34999
1623446843703 26 35049
1623446868381 26 35099
1623446893861 26 35149
1623446920246 26 35199
1623446948260 26 35249
1623446973187 26 35299
1623447000477 26 35349
1623447026770 26 35399
1623447053680 26 35449
1623447079869 26 35499
1623447106139 26 35549
1623447132242 26 35599
1623447158111 26 35649
1623447184070 26 35699
1623447209165 26 35749
1623447235662 26 35799
1623447262484 26 35849
1623447272880 26 35882
1623447376894 26 35882
1623447395208 27 35899
1623447424224 27 35949
1623447449735 27 35999
1623447474494 27 36049
1623447499740 27 36099
1623447524196 27 36149
1623447548991 27 36199
1623447574158 27 36249
1623447598723 27 36299
1623447624087 27 36349
1623447648478 27 36399
1623447673901 27 36449
1623447698582 27 36499
1623447725701 27 36549
1623447752639 27 36599
1623447778484 27 36649
1623447804503 27 36699
1623447831767 27 36749
1623447857941 27 36799
1623447885046 27 36849
1623447912081 27 36899
1623447938515 27 36949
1623447964324 27 36999
1623447985540 27 37049
1623448004124 27 37099
1623448024594 27 37149
1623448048693 27 37199
1623448054044 27 37211
1623448142984 27 37211
1623448168343 28 37249
1623448187519 28 37299
1623448204788 28 37349
1623448225808 28 37399
1623448249181 28 37449
1623448271545 28 37499
1623448296030 28 37549
1623448321400 28 37599
1623448342397 28 37649
1623448362221 28 37699
1623448378827 28 37749
1623448401717 28 37799
1623448425333 28 37849
1623448448934 28 37899
1623448473561 28 37949
1623448500685 28 37999
1623448519048 28 38049
1623448542010 28 38099
1623448565925 28 38149
1623448589827 28 38199
1623448613239 28 38249
1623448637176 28 38299
1623448662229 28 38349
1623448682902 28 38399
1623448702317 28 38449
1623448721446 28 38499
1623448739810 28 38540
1623448828097 28 38540
1623448837534 29 38549
1623448858845 29 38599
1623448880745 29 38649
1623448902835 29 38699
1623448927783 29 38749
1623448950545 29 38799
1623448973135 29 38849
1623448995846 29 38899
1623449019048 29 38949
1623449045043 29 38999
1623449061691 29 39049
1623449083678 29 39099
1623449107415 29 39149
1623449132217 29 39199
1623449156232 29 39249
1623449180222 29 39299
1623449206279 29 39349
1623449226108 29 39399
1623449253155 29 39449
1623449272744 29 39499
1623449295118 29 39549
1623449319630 29 39599
1623449343601 29 39649
1623449363783 29 39699
1623449388784 29 39749
1623449411723 29 39799
1623449432563 29 39849
1623449441112 29 39869
1623449527942 29 39869
1623449549333 30 39899
1623449568693 30 39949
1623449588112 30 39999
1623449607692 30 40049
1623449628336 30 40099
1623449645742 30 40149
1623449666488 30 40199
1623449690126 30 40249
1623449714883 30 40299
1623449738564 30 40349
1623449757573 30 40399
1623449777778 30 40449
1623449797737 30 40499
1623449824527 30 40549
1623449842628 30 40599
1623449866575 30 40649
1623449891157 30 40699
1623449912325 30 40749
1623449936798 30 40799
1623449960437 30 40849
1623449985195 30 40899
1623450009523 30 40949
1623450035170 30 40999
1623450056157 30 41049
1623450076208 30 41099
1623450099992 30 41149
1623450122484 30 41198
1623450212363 30 41198
1623450220986 31 41199
1623450244951 31 41249
1623450264366 31 41299
1623450283718 31 41349
1623450300901 31 41399
1623450322267 31 41449
1623450345284 31 41499
1623450369414 31 41549
1623450392504 31 41599
1623450414984 31 41649
1623450441600 31 41699
1623450461261 31 41749
1623450484461 31 41799
1623450512006 31 41849
1623450533453 31 41899
1623450549962 31 41949
1623450575420 31 41999
1623450599308 31 42049
1623450622899 31 42099
1623450647756 31 42149
1623450669874 31 42199
1623450693895 31 42249
1623450721648 31 42299
1623450739318 31 42349
1623450763551 31 42399
1623450790920 31 42449
1623450810117 31 42499
1623450819088 31 42527
1623450904961 31 42527
1623450924463 32 42549
1623450941540 32 42599
1623450962641 32 42649
1623450984983 32 42699
1623451007408 32 42749
1623451030153 32 42799
1623451056121 32 42849
1623451073507 32 42899
1623451094550 32 42949
1623451117878 32 42999
1623451144386 32 43049
1623451163688 32 43099
1623451181898 32 43149
1623451205201 32 43199
1623451226439 32 43249
1623451251057 32 43299
1623451278204 32 43349
1623451299319 32 43399
1623451319616 32 43449
1623451340086 32 43499
1623451357508 32 43549
1623451382252 32 43599
1623451405712 32 43649
1623451429485 32 43699
1623451454234 32 43749
1623451478204 32 43799
1623451501635 32 43849
1623451504641 32 43856
1623451592596 32 43856
1623451616034 33 43899
1623451641051 33 43949
1623451660789 33 43999
1623451678333 33 44049
1623451697903 33 44099
1623451721118 33 44149
1623451744456 33 44199
1623451766411 33 44249
1623451789311 33 44299
1623451812526 33 44349
1623451836561 33 44399
1623451859948 33 44449
1623451883178 33 44499
1623451908177 33 44549
1623451933647 33 44599
1623451957401 33 44649
1623451975608 33 44699
1623451998989 33 44749
1623452023328 33 44799
1623452046320 33 44849
1623452072009 33 44899
1623452090825 33 44949
1623452118498 33 44999
1623452140235 33 45049
1623452160855 33 45099
1623452186017 33 45149
1623452197771 33 45185
1623452286056 33 45185
1623452301096 34 45199
1623452320970 34 45249
1623452340064 34 45299
1623452359273 34 45349
1623452379160 34 45399
1623452398795 34 45449
1623452417504 34 45499
1623452435353 34 45549
1623452458565 34 45599
1623452482421 34 45649
1623452506530 34 45699
1623452529573 34 45749
1623452552447 34 45799
1623452578208 34 45849
1623452603284 34 45899
1623452623479 34 45949
1623452641995 34 45999
1623452664739 34 46049
1623452688899 34 46099
1623452712605 34 46149
1623452736434 34 46199
1623452759288 34 46249
1623452785139 34 46299
1623452807406 34 46349
1623452827994 34 46399
1623452848479 34 46449
1623452866034 34 46499
1623452870628 34 46514
1623452958428 34 46514
1623452980739 35 46549
1623452999230 35 46599
1623453022272 35 46649
1623453046886 35 46699
1623453064797 35 46749
1623453084424 35 46799
1623453107297 35 46849
1623453130142 35 46899
1623453153813 35 46949
1623453176819 35 46999
1623453201135 35 47049
1623453226730 35 47099
1623453247029 35 47149
1623453268079 35 47199
1623453288618 35 47249
1623453309358 35 47299
1623453329880 35 47349
1623453350371 35 47399
1623453368427 35 47449
1623453391527 35 47499
1623453417272 35 47549
1623453438205 35 47599
1623453456679 35 47649
1623453481258 35 47699
1623453501095 35 47749
1623453522424 35 47799
1623453541645 35 47843
1623453629183 35 47843
1623453639250 36 47849
1623453658517 36 47899
1623453679974 36 47949
1623453701843 36 47999
1623453724321 36 48049
1623453749355 36 48099
1623453771918 36 48149
1623453794857 36 48199
1623453817407 36 48249
1623453842254 36 48299
1623453858901 36 48349
1623453880684 36 48399
1623453902639 36 48449
1623453926458 36 48499
1623453953278 36 48549
1623453974594 36 48599
1623453997903 36 48649
1623454020798 36 48699
1623454043772 36 48749
1623454070317 36 48799
1623454090363 36 48849
1623454114043 36 48899
1623454134853 36 48949
1623454158587 36 48999
1623454180722 36 49049
1623454207300 36 49099
1623454227996 36 49149
1623454235636 36 49172
1623454324901 36 49172
1623454341854 37 49199
1623454366523 37 49249
1623454385766 37 49299
1623454405516 37 49349
1623454425159 37 49399
1623454443044 37 49449
1623454463180 37 49499
1623454486795 37 49549
1623454509830 37 49599
1623454536687 37 49649
1623454553935 37 49699
1623454577411 37 49749
1623454601355 37 49799
1623454626124 37 49849
1623454649484 37 49899
1623454673201 37 49949
1623454696318 37 49999
1623454720017 37 50049
1623454743295 37 50099
1623454768954 37 50149
1623454791978 37 50199
1623454819580 37 50249
1623454840353 37 50299
1623454861081 37 50349
1623454881807 37 50399
1623454902650 37 50449
1623454917398 37 50499
1623454919410 37 50501
1623455006582 37 50501
1623455031966 38 50549
1623455053627 38 50599
1623455075316 38 50649
1623455097394 38 50699
1623455120969 38 50749
1623455143367 38 50799
1623455169156 38 50849
1623455191582 38 50899
1623455213826 38 50949
1623455236745 38 50999
1623455259614 38 51049
1623455282411 38 51099
1623455308225 38 51149
1623455335641 38 51199
1623455356596 38 51249
1623455377181 38 51299
1623455397962 38 51349
1623455418591 38 51399
1623455439431 38 51449
1623455460825 38 51499
1623455479763 38 51549
1623455500453 38 51599
1623455527329 38 51649
1623455547939 38 51699
1623455566727 38 51749
1623455588416 38 51799
1623455600433 38 51830
1623455688165 38 51830
1623455702524 39 51849
1623455723733 39 51899
1623455745798 39 51949
1623455771225 39 51999
1623455792210 39 52049
1623455812046 39 52099
1623455831962 39 52149
1623455850411 39 52199
1623455868623 39 52249
1623455891776 39 52299
1623455915701 39 52349
1623455939628 39 52399
1623455964311 39 52449
1623455986142 39 52499
1623456009177 39 52549
1623456036235 39 52599
1623456057096 39 52649
1623456074865 39 52699
1623456099539 39 52749
1623456127173 39 52799
1623456147920 39 52849
1623456169076 39 52899
1623456187925 39 52949
1623456209122 39 52999
1623456233140 39 53049
1623456257791 39 53099
1623456280718 39 53149
1623456284341 39 53159
1623456369167 39 53159
1623456391851 40 53199
1623456414366 40 53249
1623456436760 40 53299
1623456459309 40 53349
1623456484020 40 53399
1623456507979 40 53449
1623456528132 40 53499
1623456551064 40 53549
1623456574215 40 53599
1623456598531 40 53649
1623456617629 40 53699
1623456642250 40 53749
1623456666154 40 53799
1623456691060 40 53849
1623456717461 40 53899
1623456738526 40 53949
1623456759195 40 53999
1623456779945 40 54049
1623456800672 40 54099
1623456821470 40 54149
1623456842395 40 54199
1623456862690 40 54249
1623456880880 40 54299
1623456902165 40 54349
1623456929793 40 54399
1623456948263 40 54449
1623456964487 40 54488
1623457051481 40 54488
1623457061748 41 54499
1623457082860 41 54549
1623457105313 41 54599
1623457131633 41 54649
1623457153041 41 54699
1623457172737 41 54749
1623457187975 41 54799
1623457214279 41 54849
1623457231528 41 54899
1623457255240 41 54949
1623457281671 41 54999
1623457299899 41 55049
1623457324929 41 55099
1623457348768 41 55149
1623457374555 41 55199
1623457395646 41 55249
1623457416794 41 55299
1623457438798 41 55349
1623457466086 41 55399
1623457485825 41 55449
1623457505289 41 55499
1623457528556 41 55549
1623457553934 41 55599
1623457578911 41 55649
1623457601794 41 55699
1623457622019 41 55749
1623457639215 41 55799
1623457646641 41 55817
1623457733472 41 55817
1623457756338 42 55849
1623457775574 42 55899
1623457795282 42 55949
1623457815163 42 55999
1623457834917 42 56049
1623457854488 42 56099
1623457870248 42 56149
1623457893202 42 56199
1623457920489 42 56249
1623457940997 42 56299
1623457956579 42 56349
1623457979821 42 56399
1623458004745 42 56449
1623458028280 42 56499
1623458050768 42 56549
1623458076572 42 56599
1623458093789 42 56649
1623458117851 42 56699
1623458143270 42 56749
1623458161121 42 56799
1623458185595 42 56849
1623458209586 42 56899
1623458234419 42 56949
1623458257303 42 56999
1623458278052 42 57049
1623458304545 42 57099
1623458320141 42 57146
1623458410031 42 57146
1623458418575 43 57149
1623458440872 43 57199
1623458458786 43 57249
1623458478755 43 57299
1623458501498 43 57349
1623458526495 43 57399
1623458546058 43 57449
1623458569627 43 57499
1623458592085 43 57549
1623458615248 43 57599
1623458639137 43 57649
1623458663173 43 57699
1623458686262 43 57749
1623458713191 43 57799
1623458735054 43 57849
1623458755766 43 57899
1623458776664 43 57949
1623458797248 43 57999
1623458818023 43 58049
1623458836850 43 58099
1623458856780 43 58149
1623458884351 43 58199
1623458904845 43 58249
1623458928851 43 58299
1623458952079 43 58349
1623458975022 43 58399
1623458999417 43 58449
1623459007953 43 58475
1623459095627 43 58475
1623459111575 44 58499
1623459132882 44 58549
1623459155493 44 58599
1623459177649 44 58649
1623459202511 44 58699
1623459225168 44 58749
1623459248184 44 58799
1623459269966 44 58849
1623459292045 44 58899
1623459315178 44 58949
1623459340994 44 58999
1623459359356 44 59049
1623459386425 44 59099
1623459408907 44 59149
1623459432903 44 59199
1623459451596 44 59249
1623459475688 44 59299
1623459500669 44 59349
1623459524182 44 59399
1623459551265 44 59449
1623459573982 44 59499
1623459594527 44 59549
1623459614467 44 59599
1623459632659 44 59649
1623459656817 44 59699
1623459682086 44 59749
1623459703911 44 59799
1623459706750 44 59804
1623459796705 44 59804
1623459819824 45 59849
1623459841846 45 59899
1623459864665 45 59949
1623459888611 45 59999
1623459911159 45 60049
1623459934294 45 60099
1623459957070 45 60149
1623459979825 45 60199
1623460004454 45 60249
1623460024413 45 60299
1623460048714 45 60349
1623460073230 45 60399
1623460098677 45 60449
1623460116987 45 60499
1623460139308 45 60549
1623460164099 45 60599
1623460188859 45 60649
1623460213006 45 60699
1623460231503 45 60749
1623460253630 45 60799
1623460278205 45 60849
1623460303306 45 60899
1623460327322 45 60949
1623460351309 45 60999
1623460375945 45 61049
1623460396433 45 61099
1623460411976 45 61133
1623460497993 45 61133
1623460512933 46 61149
1623460533119 46 61199
1623460553137 46 61249
1623460572594 46 61299
1623460588199 46 61349
1623460611721 46 61399
1623460635993 46 61449
1623460658033 46 61499
1623460680422 46 61549
1623460704630 46 61599
1623460726965 46 61649
1623460749195 46 61699
1623460772281 46 61749
1623460797861 46 61799
1623460823571 46 61849
1623460842459 46 61899
1623460866520 46 61949
1623460891564 46 61999
1623460914204 46 62049
1623460936161 46 62099
1623460962053 46 62149
1623460985676 46 62199
1623461004591 46 62249
1623461030020 46 62299
1623461055021 46 62349
1623461076983 46 62399
1623461100349 46 62449
1623461105381 46 62462
1623461192240 46 62462
1623461216341 47 62499
1623461236100 47 62549
1623461255752 47 62599
1623461273732 47 62649
1623461292926 47 62699
1623461316338 47 62749
1623461340888 47 62799
1623461363967 47 62849
1623461386864 47 62899
1623461411207 47 62949
1623461436103 47 62999
1623461459077 47 63049
1623461477852 47 63099
1623461503461 47 63149
1623461523978 47 63199
1623461544955 47 63249
1623461565312 47 63299
1623461583962 47 63349
1623461607611 47 63399
1623461631681 47 63449
1623461655388 47 63499
1623461680216 47 63549
1623461702857 47 63599
1623461726902 47 63649
1623461752421 47 63699
1623461776430 47 63749
1623461794462 47 63791
1623461881436 47 63791
1623461890798 48 63799
1623461911579 48 63849
1623461934075 48 63899
1623461956096 48 63949
1623461981222 48 63999
1623462006077 48 64049
1623462026042 48 64099
1623462045923 48 64149
1623462065484 48 64199
1623462083367 48 64249
1623462106780 48 64299
1623462130519 48 64349
1623462154948 48 64399
1623462177720 48 64449
1623462201426 48 64499
1623462227724 48 64549
1623462249047 48 64599
1623462268388 48 64649
1623462287246 48 64699
1623462312177 48 64749
1623462335828 48 64799
1623462360320 48 64849
1623462384132 48 64899
1623462409406 48 64949
1623462432039 48 64999
1623462456247 48 65049
1623462480356 48 65099
1623462487921 48 65120
1623462574628 48 65120
1623462596610 49 65149
1623462616027 49 65199
1623462635496 49 65249
1623462653217 49 65299
1623462672613 49 65349
1623462695476 49 65399
1623462719217 49 65449
1623462745779 49 65499
1623462762397 49 65549
1623462786037 49 65599
1623462809473 49 65649
1623462833948 49 65699
1623462855960 49 65749
1623462879490 49 65799
1623462902585 49 65849
1623462929635 49 65899
1623462948489 49 65949
1623462973431 49 65999
1623462997410 49 66049
1623463022725 49 66099
1623463042727 49 66149
1623463067686 49 66199
1623463090815 49 66249
1623463113617 49 66299
1623463138763 49 66349
1623463160975 49 66399
1623463180863 49 66449
1623463181056 49 66449
1623463267962 49 66449
