1623428756002 0.001 0
1623429425077 0.0009990133642141358 1329
1623430092867 0.000996057350657239 2658
1623430758834 0.0009911436253643444 3987
1623431424427 0.0009842915805643156 5316
1623432110092 0.0009755282581475769 6645
1623432795531 0.0009648882429441258 7974
1623433471213 0.0009524135262330099 9303
1623434159411 0.0009381533400219318 10632
1623434823951 0.0009221639627510075 11961
1623435508098 0.0009045084971874736 13290
1623436190681 0.0008852566213878945 14619
1623436880607 0.0008644843137107056 15948
1623437557623 0.0008422735529643443 17277
1623438255542 0.0008187119948743448 18606
1623438955624 0.0007938926261462366 19935
1623439653938 0.0007679133974894982 21264
1623440341089 0.0007408768370508576 22593
1623441023226 0.0007128896457825362 23922
1623441721991 0.0006840622763423389 25251
1623442408430 0.0006545084971874735 26580
1623443117886 0.0006243449435824271 27909
1623443804861 0.0005936906572928622 29238
1623444502099 0.000562666616782152 30567
1623445191923 0.0005313952597646566 31896
1623445895095 0.0004999999999999998 33225
1623446590614 0.00046860474023534314 34554
1623447376903 0.00043733338321784774 35883
1623448142992 0.00040630934270713756 37212
1623448828106 0.00037565505641757246 38541
1623449527947 0.00034549150281252633 39870
1623450212371 0.00031593772365766105 41199
1623450904971 0.00028711035421746355 42528
1623451592604 0.0002591231629491422 43857
1623452286066 0.00023208660251050145 45186
1623452958433 0.00020610737385376337 46515
1623453629191 0.00018128800512565502 47844
1623454324910 0.00015772644703565555 49173
1623455006590 0.00013551568628929425 50502
1623455688173 0.00011474337861210535 51831
1623456369173 9.549150281252626e-05 53160
1623457051491 7.783603724899252e-05 54489
1623457733482 6.184665997806817e-05 55818
1623458410042 4.7586473766990294e-05 57147
1623459095637 3.5111757055874305e-05 58476
1623459796711 2.4471741852423218e-05 59805
1623460498003 1.5708419435684507e-05 61134
1623461192250 8.856374635655634e-06 62463
1623461881446 3.942649342761115e-06 63792
1623462574635 9.866357858642198e-07 65121
