1623429339087 0.6744682192802429 1328
1623429424987 0.6744682192802429 0
1623430007405 0.6570698618888855 2657
1623430092825 0.6570698618888855 1
1623430672858 0.6370973587036133 3986
1623430758745 0.6370973587036133 2
1623431342819 0.6078479886054993 5315
1623431424389 0.6078479886054993 3
1623432027147 0.5743362307548523 6644
1623432109858 0.5743362307548523 4
1623432712942 0.5493323802947998 7973
1623432795454 0.5493323802947998 5
1623433385052 0.5238943696022034 9302
1623433471170 0.5238943696022034 6
1623434075364 0.507929801940918 10631
1623434159370 0.507929801940918 7
1623434739928 0.4952505826950073 11960
1623434823906 0.4952505826950073 8
1623435421069 0.4846057891845703 13289
1623435507910 0.4846057891845703 9
1623436104551 0.47586217522621155 14618
1623436190633 0.47586217522621155 10
1623436794360 0.4680258631706238 15947
1623436880569 0.4680258631706238 11
1623437473606 0.46518662571907043 17276
1623437557579 0.46518662571907043 12
1623438170217 0.458944708108902 18605
1623438255347 0.458944708108902 13
1623438866096 0.4520752727985382 19934
1623438955301 0.4520752727985382 14
1623439563598 0.44802558422088623 21263
1623439653899 0.44802558422088623 15
1623440251067 0.44563907384872437 22592
1623440340931 0.44563907384872437 16
1623440936796 0.44047752022743225 23921
1623441023188 0.44047752022743225 17
1623441633471 0.43885114789009094 25250
1623441721948 0.43885114789009094 18
1623442322995 0.4360900819301605 26579
1623442408292 0.4360900819301605 19
1623443032327 0.43361207842826843 27908
1623443117843 0.43361207842826843 20
1623443717837 0.42846864461898804 29237
1623443804824 0.42846864461898804 21
1623444415822 0.42443788051605225 30566
1623444501932 0.42443788051605225 22
1623445107687 0.4244205951690674 31895
1623445191885 0.4244205951690674 23
1623445803869 0.42397788166999817 33224
1623445894910 0.42397788166999817 24
1623446501691 0.4197601079940796 34553
1623446590577 0.4197601079940796 25
1623447272880 0.41799870133399963 35882
1623447376860 0.41799870133399963 26
1623448054044 0.413668155670166 37211
1623448142956 0.413668155670166 27
1623448739810 0.41402003169059753 38540
1623448828064 0.41402003169059753 28
1623449441112 0.4141072630882263 39869
1623449527794 0.4141072630882263 29
1623450122484 0.4090209901332855 41198
1623450212329 0.4090209901332855 30
1623450819088 0.4062844216823578 42527
1623450904930 0.4062844216823578 31
1623451504641 0.4019840955734253 43856
1623451592561 0.4019840955734253 32
1623452197771 0.4014163613319397 45185
1623452286025 0.4014163613319397 33
1623452870628 0.39908620715141296 46514
1623452958258 0.39908620715141296 34
1623453541645 0.3955514132976532 47843
1623453629152 0.3955514132976532 35
1623454235636 0.39299476146698 49172
1623454324865 0.39299476146698 36
1623454919410 0.39098286628723145 50501
1623455006552 0.39098286628723145 37
1623455600433 0.391411155462265 51830
1623455688129 0.391411155462265 38
1623456284341 0.3880373537540436 53159
1623456369046 0.3880373537540436 39
1623456964487 0.38524243235588074 54488
1623457051445 0.38524243235588074 40
1623457646641 0.38418298959732056 55817
1623457733437 0.38418298959732056 41
1623458320141 0.38569554686546326 57146
1623458409998 0.38569554686546326 42
1623459007953 0.38152191042900085 58475
1623459095595 0.38152191042900085 43
1623459706750 0.3827207386493683 59804
1623459796533 0.3827207386493683 44
1623460411976 0.38111546635627747 61133
1623460497926 0.38111546635627747 45
1623461105381 0.38155126571655273 62462
1623461192205 0.38155126571655273 46
1623461794462 0.38085630536079407 63791
1623461881405 0.38085630536079407 47
1623462487921 0.38012292981147766 65120
1623462574594 0.38012292981147766 48
1623463181056 0.38213080167770386 66449
1623463267793 0.38213080167770386 49
