1623428782810 0.692899227142334 49
1623428804360 0.6928352117538452 99
1623428827170 0.6930662989616394 149
1623428847168 0.6770544648170471 199
1623428866259 0.7075647115707397 249
1623428890559 0.668458104133606 299
1623428911725 0.682632327079773 349
1623428929749 0.6555529832839966 399
1623428953153 0.7036540508270264 449
1623428975438 0.6951549053192139 499
1623428998384 0.6632906198501587 549
1623429022919 0.7165615558624268 599
1623429046769 0.6521035432815552 649
1623429066933 0.6720676422119141 699
1623429087253 0.6680383682250977 749
1623429107600 0.6776344776153564 799
1623429126477 0.7189887166023254 849
1623429146738 0.6616179943084717 899
1623429169736 0.6850775480270386 949
1623429192604 0.6334106922149658 999
1623429216004 0.6620652675628662 1049
1623429241119 0.6706293821334839 1099
1623429263739 0.6551643013954163 1149
1623429288720 0.6615972518920898 1199
1623429311712 0.6835761070251465 1249
1623429330104 0.6515149474143982 1299
1623429424987 0.6807044744491577 0
1623429444024 0.6427940130233765 1349
1623429460738 0.637496829032898 1399
1623429481756 0.6532723903656006 1449
1623429502040 0.6713945269584656 1499
1623429523745 0.644173264503479 1549
1623429549130 0.6639760732650757 1599
1623429568602 0.6950079798698425 1649
1623429586194 0.7146904468536377 1699
1623429607263 0.667263388633728 1749
1623429630122 0.6432132124900818 1799
1623429652355 0.6661535501480103 1849
1623429675051 0.6633161306381226 1899
1623429698319 0.6777245998382568 1949
1623429724870 0.6564363837242126 1999
1623429744872 0.6827570199966431 2049
1623429762510 0.667859673500061 2099
1623429787129 0.6291927099227905 2149
1623429806802 0.650812029838562 2199
1623429829784 0.647621750831604 2249
1623429856881 0.6593477725982666 2299
1623429879765 0.6471866369247437 2349
1623429899712 0.6104335784912109 2399
1623429919830 0.6792106628417969 2449
1623429939142 0.6369367241859436 2499
1623429956959 0.6635758876800537 2549
1623429981337 0.655281662940979 2599
1623430004350 0.6484960317611694 2649
1623430092825 0.6885361075401306 1
1623430118763 0.6828293800354004 2699
1623430137563 0.6434764266014099 2749
1623430156433 0.6207051873207092 2799
1623430172712 0.6358765363693237 2849
1623430194071 0.6929290294647217 2899
1623430217073 0.6331819891929626 2949
1623430240430 0.6620961427688599 2999
1623430263105 0.6548600196838379 3049
1623430287485 0.6495546102523804 3099
1623430306744 0.5633705854415894 3149
1623430329593 0.6329648494720459 3199
1623430353791 0.5920808911323547 3249
1623430375722 0.6527287364006042 3299
1623430400455 0.6568244695663452 3349
1623430417673 0.6121258735656738 3399
1623430440025 0.5963312387466431 3449
1623430465856 0.6305538415908813 3499
1623430489329 0.5976978540420532 3549
1623430509295 0.617656946182251 3599
1623430532426 0.6215615272521973 3649
1623430552208 0.6426017880439758 3699
1623430572707 0.6340230107307434 3749
1623430591372 0.5630332231521606 3799
1623430610066 0.5873640179634094 3849
1623430634398 0.6205244064331055 3899
1623430657651 0.6090364456176758 3949
1623430758745 0.6516185998916626 2
1623430771753 0.6195603609085083 3999
1623430788934 0.6245013475418091 4049
1623430812425 0.6996701955795288 4099
1623430834184 0.6107666492462158 4149
1623430861222 0.644701361656189 4199
1623430880075 0.6320623755455017 4249
1623430897534 0.6770206689834595 4299
1623430918148 0.5756651163101196 4349
1623430943326 0.6059578657150269 4399
1623430960917 0.6292416453361511 4449
1623430982812 0.6693687438964844 4499
1623431006185 0.6231905221939087 4549
1623431032723 0.5910589694976807 4599
1623431053438 0.60867840051651 4649
1623431071572 0.596733808517456 4699
1623431091883 0.6533834934234619 4749
1623431115395 0.5858838558197021 4799
1623431140940 0.5530987977981567 4849
1623431161968 0.5753058791160583 4899
1623431186303 0.6673884391784668 4949
1623431209175 0.5103660821914673 4999
1623431232539 0.6675007343292236 5049
1623431252250 0.5364561080932617 5099
1623431271095 0.5614219903945923 5149
1623431290923 0.5871032476425171 5199
1623431314971 0.6362636685371399 5249
1623431337144 0.5995532274246216 5299
1623431424389 0.473392128944397 3
1623431444126 0.6269291639328003 5349
1623431465727 0.5992331504821777 5399
1623431487437 0.5611757040023804 5449
1623431508950 0.5655159950256348 5499
1623431531359 0.602880597114563 5549
1623431555258 0.5659821033477783 5599
1623431572463 0.6041016578674316 5649
1623431597360 0.6265739798545837 5699
1623431619662 0.6449865102767944 5749
1623431642297 0.570522665977478 5799
1623431666161 0.5859713554382324 5849
1623431685074 0.5889355540275574 5899
1623431708093 0.5709097385406494 5949
1623431731183 0.5578591823577881 5999
1623431756471 0.5437366962432861 6049
1623431775862 0.6172782778739929 6099
1623431797752 0.5597201585769653 6149
1623431821567 0.5376189947128296 6199
1623431844816 0.5838709473609924 6249
1623431870597 0.49243631958961487 6299
1623431889025 0.579952597618103 6349
1623431912305 0.5450625419616699 6399
1623431936398 0.536873459815979 6449
1623431960743 0.5102711319923401 6499
1623431983980 0.5991274118423462 6549
1623432008088 0.5243050456047058 6599
1623432109858 0.6583576202392578 4
1623432117870 0.5388500094413757 6649
1623432138137 0.539018452167511 6699
1623432159422 0.5165484547615051 6749
1623432180752 0.5468438267707825 6799
1623432202522 0.5607663989067078 6849
1623432224699 0.5953011512756348 6899
1623432251330 0.5467990040779114 6949
1623432269414 0.6082077026367188 6999
1623432290494 0.514035701751709 7049
1623432312085 0.564551830291748 7099
1623432335926 0.5386966466903687 7149
1623432359189 0.5331007242202759 7199
1623432381947 0.43804284930229187 7249
1623432405521 0.5293247103691101 7299
1623432428986 0.5686447620391846 7349
1623432454610 0.6174781322479248 7399
1623432473986 0.5741944909095764 7449
1623432498140 0.623409628868103 7499
1623432522959 0.5456949472427368 7549
1623432545988 0.5519556999206543 7599
1623432569193 0.5436300039291382 7649
1623432593337 0.5458557605743408 7699
1623432615205 0.615554928779602 7749
1623432633842 0.5720231533050537 7799
1623432658392 0.5963194370269775 7849
1623432681110 0.5460554361343384 7899
1623432706373 0.5736368894577026 7949
1623432795454 1.0398483276367188 5
1623432812347 0.5693367719650269 7999
1623432833437 0.5406770706176758 8049
1623432855139 0.4559210240840912 8099
1623432879247 0.49617940187454224 8149
1623432902735 0.5179010033607483 8199
1623432921711 0.5595410466194153 8249
1623432943946 0.5385860800743103 8299
1623432970277 0.45508986711502075 8349
1623432986077 0.4673318862915039 8399
1623433008568 0.5605430603027344 8449
1623433031794 0.5764713287353516 8499
1623433054911 0.501120924949646 8549
1623433079080 0.6498603820800781 8599
1623433103125 0.578433632850647 8649
1623433126624 0.5506281852722168 8699
1623433146505 0.4828408658504486 8749
1623433173026 0.5158948302268982 8799
1623433194562 0.4258115589618683 8849
1623433214898 0.5814151167869568 8899
1623433235152 0.5093873739242554 8949
1623433253431 0.5920053124427795 8999
1623433275009 0.5269912481307983 9049
1623433301404 0.5318422317504883 9099
1623433321072 0.5237169861793518 9149
1623433338809 0.542850911617279 9199
1623433362119 0.4429836869239807 9249
1623433382885 0.5059429407119751 9299
1623433471170 0.4007500410079956 6
1623433495134 0.5099940896034241 9349
1623433517475 0.6047427654266357 9399
1623433540001 0.4758557677268982 9449
1623433562495 0.6298347115516663 9499
1623433584564 0.5368695259094238 9549
1623433609773 0.5650379657745361 9599
1623433627739 0.4961957633495331 9649
1623433651939 0.5385281443595886 9699
1623433674786 0.5104341506958008 9749
1623433698938 0.5290477871894836 9799
1623433721659 0.5207619667053223 9849
1623433744168 0.5022696852684021 9899
1623433766753 0.4230363070964813 9949
1623433790866 0.52072674036026 9999
1623433810979 0.5129654407501221 10049
1623433834097 0.49813249707221985 10099
1623433860442 0.583975076675415 10149
1623433882389 0.5884852409362793 10199
1623433900169 0.5431685447692871 10249
1623433921665 0.5354881286621094 10299
1623433946264 0.5692217946052551 10349
1623433969883 0.427525132894516 10399
1623433993252 0.5122072100639343 10449
1623434018079 0.5262101292610168 10499
1623434040440 0.5439423322677612 10549
1623434065264 0.5878097414970398 10599
1623434159370 0.436050683259964 7
1623434176709 0.515812337398529 10649
1623434195596 0.6002246141433716 10699
1623434215056 0.5321027040481567 10749
1623434232298 0.5428926944732666 10799
1623434251494 0.44373464584350586 10849
1623434274167 0.5350353121757507 10899
1623434295881 0.4284802973270416 10949
1623434318398 0.5075970888137817 10999
1623434344141 0.5569731593132019 11049
1623434363625 0.5536103248596191 11099
1623434382590 0.5170518159866333 11149
1623434402100 0.5035032033920288 11199
1623434419971 0.4416120648384094 11249
1623434444308 0.47990912199020386 11299
1623434465294 0.49886584281921387 11349
1623434486452 0.5004913210868835 11399
1623434513595 0.4617711007595062 11449
1623434534721 0.4596254229545593 11499
1623434553819 0.4723629653453827 11549
1623434572907 0.5634058713912964 11599
1623434596697 0.47079408168792725 11649
1623434619823 0.46061062812805176 11699
1623434643949 0.5012544393539429 11749
1623434666824 0.4652179479598999 11799
1623434689914 0.44353294372558594 11849
1623434713067 0.562012791633606 11899
1623434735698 0.4686870872974396 11949
1623434823906 0.5077121257781982 8
1623434849415 0.45053917169570923 11999
1623434868220 0.5500501394271851 12049
1623434884795 0.5618690848350525 12099
1623434903920 0.43690335750579834 12149
1623434926605 0.4544174075126648 12199
1623434950426 0.52685546875 12249
1623434974015 0.5046373605728149 12299
1623434996894 0.47683262825012207 12349
1623435020455 0.4584093987941742 12399
1623435041239 0.5181358456611633 12449
1623435066169 0.5808412432670593 12499
1623435084415 0.4326845705509186 12549
1623435107790 0.5082874894142151 12599
1623435131307 0.5095453262329102 12649
1623435153870 0.45528337359428406 12699
1623435176811 0.5270313024520874 12749
1623435202517 0.43528565764427185 12799
1623435224295 0.5046401023864746 12849
1623435243780 0.4886487126350403 12899
1623435266721 0.5226068496704102 12949
1623435290347 0.4452613592147827 12999
1623435314957 0.5028162002563477 13049
1623435339661 0.5678947567939758 13099
1623435362850 0.5093300342559814 13149
1623435384727 0.5465102791786194 13199
1623435409277 0.4439418315887451 13249
1623435507910 0.5608275532722473 9
1623435518558 0.5013157725334167 13299
1623435539112 0.41734012961387634 13349
1623435560720 0.43563833832740784 13399
1623435585309 0.44109585881233215 13449
1623435608909 0.5290035009384155 13499
1623435628306 0.4732978641986847 13549
1623435647688 0.49165046215057373 13599
1623435663917 0.434545636177063 13649
1623435685885 0.43716883659362793 13699
1623435709191 0.4140750765800476 13749
1623435731594 0.49742889404296875 13799
1623435755323 0.5126408338546753 13849
1623435777884 0.5201185941696167 13899
1623435802529 0.512994647026062 13949
1623435830345 0.4524013102054596 13999
1623435847255 0.48325493931770325 14049
1623435869528 0.46187371015548706 14099
1623435893177 0.569230854511261 14149
1623435920108 0.4308609366416931 14199
1623435939659 0.4307461380958557 14249
1623435957746 0.45007002353668213 14299
1623435981855 0.4465153217315674 14349
1623436006664 0.4961625039577484 14399
1623436028703 0.4774991571903229 14449
1623436052882 0.41525620222091675 14499
1623436076851 0.4409395158290863 14549
1623436099059 0.4842875599861145 14599
1623436190633 0.4767511487007141 10
1623436212173 0.48872560262680054 14649
1623436229745 0.5604745745658875 14699
1623436248059 0.49090027809143066 14749
1623436271193 0.44385606050491333 14799
1623436293927 0.4199473559856415 14849
1623436316407 0.5542492270469666 14899
1623436339592 0.4875681698322296 14949
1623436362664 0.5035918951034546 14999
1623436385222 0.45737046003341675 15049
1623436408993 0.48084449768066406 15099
1623436431718 0.4806862771511078 15149
1623436455651 0.4928966164588928 15199
1623436478327 0.4317709803581238 15249
1623436501367 0.5064588189125061 15299
1623436524887 0.35344570875167847 15349
1623436550015 0.38911157846450806 15399
1623436573548 0.48483842611312866 15449
1623436598138 0.5221203565597534 15499
1623436621599 0.5149571895599365 15549
1623436647068 0.518962562084198 15599
1623436667324 0.46680402755737305 15649
1623436692373 0.4515022039413452 15699
1623436709996 0.5462861061096191 15749
1623436733659 0.5050278306007385 15799
1623436759544 0.4501766562461853 15849
1623436779599 0.6089615225791931 15899
1623436880569 0.46256014704704285 11
1623436887628 0.46092498302459717 15949
1623436907324 0.4612080454826355 15999
1623436929228 0.45289525389671326 16049
1623436951129 0.43389737606048584 16099
1623436973213 0.4847733974456787 16149
1623436995700 0.40621328353881836 16199
1623437018596 0.4267410933971405 16249
1623437043074 0.40753471851348877 16299
1623437067539 0.43444639444351196 16349
1623437087257 0.4625268578529358 16399
1623437104756 0.4239957928657532 16449
1623437130774 0.5429048538208008 16499
1623437146784 0.4264143109321594 16549
1623437169528 0.4459387958049774 16599
1623437194286 0.5296639204025269 16649
1623437217490 0.4737779498100281 16699
1623437242193 0.4518495798110962 16749
1623437266199 0.44423907995224 16799
1623437287942 0.4216959476470947 16849
1623437307429 0.4722057580947876 16899
1623437332408 0.4425272047519684 16949
1623437354493 0.4771912395954132 16999
1623437379965 0.3888837993144989 17049
1623437400683 0.4841223657131195 17099
1623437420235 0.5419143438339233 17149
1623437438273 0.4833269715309143 17199
1623437461520 0.4187925457954407 17249
1623437557579 0.5075147151947021 12
1623437572240 0.49482011795043945 17299
1623437593883 0.42042553424835205 17349
1623437615771 0.4406920075416565 17399
1623437637667 0.5117412805557251 17449
1623437659632 0.4914553165435791 17499
1623437684259 0.5244223475456238 17549
1623437707956 0.5501946210861206 17599
1623437730543 0.4585810899734497 17649
1623437754169 0.5132253766059875 17699
1623437773864 0.43828463554382324 17749
1623437796530 0.5081170797348022 17799
1623437824197 0.4334639608860016 17849
1623437853610 0.5153549909591675 17899
1623437875508 0.5210481286048889 17949
1623437898251 0.5364990830421448 17999
1623437921410 0.503585934638977 18049
1623437943174 0.4289189279079437 18099
1623437964076 0.43293526768684387 18149
1623437985739 0.4384225606918335 18199
1623438009556 0.4341556429862976 18249
1623438031168 0.4188193082809448 18299
1623438055252 0.4346681833267212 18349
1623438080939 0.5830387473106384 18399
1623438102554 0.5145272016525269 18449
1623438120531 0.5290371179580688 18499
1623438143907 0.39015424251556396 18549
1623438166952 0.45967167615890503 18599
1623438255347 0.4490222632884979 13
1623438279056 0.43778160214424133 18649
1623438300465 0.4879528880119324 18699
1623438325376 0.46669042110443115 18749
1623438347594 0.45406872034072876 18799
1623438369957 0.49628013372421265 18849
1623438392342 0.4117901027202606 18899
1623438415278 0.4526112377643585 18949
1623438440801 0.45182642340660095 18999
1623438459775 0.426920086145401 19049
1623438481148 0.4520163834095001 19099
1623438507282 0.4465392827987671 19149
1623438526661 0.4991791248321533 19199
1623438549436 0.471325159072876 19249
1623438574154 0.45196792483329773 19299
1623438594881 0.44707727432250977 19349
1623438616658 0.4909003973007202 19399
1623438641089 0.5244272351264954 19449
1623438662241 0.43536311388015747 19499
1623438684185 0.37862786650657654 19549
1623438707761 0.47381851077079773 19599
1623438731166 0.46161437034606934 19649
1623438755759 0.5048679113388062 19699
1623438779130 0.533286452293396 19749
1623438802645 0.4425625205039978 19799
1623438826833 0.4417871832847595 19849
1623438849646 0.42264366149902344 19899
1623438955301 0.6616003513336182 14
1623438972227 0.5058600902557373 19949
1623438991838 0.5259511470794678 19999
1623439010884 0.4612869620323181 20049
1623439028122 0.5171607732772827 20099
1623439047549 0.4706695079803467 20149
1623439070569 0.4605201184749603 20199
1623439094517 0.4829048812389374 20249
1623439117887 0.47893664240837097 20299
1623439139874 0.4470643699169159 20349
1623439162220 0.48879823088645935 20399
1623439185012 0.5023932456970215 20449
1623439208516 0.46032100915908813 20499
1623439231457 0.3878520727157593 20549
1623439255675 0.4717358946800232 20599
1623439282197 0.37919342517852783 20649
1623439302963 0.44486790895462036 20699
1623439321395 0.401467502117157 20749
1623439342070 0.48767632246017456 20799
1623439366885 0.4704750180244446 20849
1623439390929 0.4519718885421753 20899
1623439416259 0.4577169418334961 20949
1623439440401 0.4201979637145996 20999
1623439466887 0.47966280579566956 21049
1623439489237 0.3222907781600952 21099
1623439514048 0.37635695934295654 21149
1623439535873 0.35363835096359253 21199
1623439557890 0.4168115258216858 21249
1623439653899 0.7624969482421875 15
1623439678216 0.40333908796310425 21299
1623439697510 0.45025205612182617 21349
1623439716913 0.4114062190055847 21399
1623439736298 0.4612075090408325 21449
1623439752909 0.44058817625045776 21499
1623439776149 0.41506442427635193 21549
1623439801178 0.418606162071228 21599
1623439820345 0.5106152296066284 21649
1623439845065 0.5043390393257141 21699
1623439865519 0.41906672716140747 21749
1623439888684 0.38732942938804626 21799
1623439913560 0.4177390933036804 21849
1623439936466 0.40915507078170776 21899
1623439962907 0.4629811644554138 21949
1623439982479 0.5054891109466553 21999
1623440007768 0.5139076709747314 22049
1623440029154 0.4350945055484772 22099
1623440049248 0.4112819731235504 22149
1623440072810 0.40871790051460266 22199
1623440097801 0.49244576692581177 22249
1623440124206 0.3619374632835388 22299
1623440142462 0.4548506736755371 22349
1623440170526 0.3680391311645508 22399
1623440190635 0.4416484832763672 22449
1623440208429 0.4205288290977478 22499
1623440231952 0.46673300862312317 22549
1623440340931 0.4053996801376343 16
1623440351819 0.42820310592651367 22599
1623440373508 0.4607928991317749 22649
1623440392733 0.409532368183136 22699
1623440412530 0.4674624800682068 22749
1623440432096 0.48728761076927185 22799
1623440451380 0.48486340045928955 22849
1623440471156 0.4043702781200409 22899
1623440488834 0.5173707008361816 22949
1623440510742 0.45554590225219727 22999
1623440533693 0.46543920040130615 23049
1623440556699 0.3950824737548828 23099
1623440580473 0.4087255001068115 23149
1623440605129 0.4253619313240051 23199
1623440625810 0.43626949191093445 23249
1623440650822 0.44999566674232483 23299
1623440677269 0.41771072149276733 23349
1623440696797 0.40708374977111816 23399
1623440720228 0.413840115070343 23449
1623440743990 0.41183021664619446 23499
1623440771666 0.36307603120803833 23549
1623440789801 0.43797874450683594 23599
1623440812125 0.6339964270591736 23649
1623440835771 0.49658238887786865 23699
1623440861872 0.44554001092910767 23749
1623440879480 0.47900933027267456 23799
1623440905170 0.4257201552391052 23849
1623440927117 0.4649617075920105 23899
1623441023188 0.42885804176330566 17
1623441041195 0.4579111337661743 23949
1623441062828 0.43204328417778015 23999
1623441089104 0.41986286640167236 24049
1623441106112 0.44964349269866943 24099
1623441129886 0.5089824199676514 24149
1623441150927 0.41988685727119446 24199
1623441173862 0.4302484095096588 24249
1623441196763 0.4112400412559509 24299
1623441218405 0.4008680582046509 24349
1623441243447 0.3957461714744568 24399
1623441265857 0.40344274044036865 24449
1623441284485 0.39298081398010254 24499
1623441308646 0.46478796005249023 24549
1623441329953 0.41361621022224426 24599
1623441352738 0.4935043156147003 24649
1623441377462 0.5425012111663818 24699
1623441400232 0.41000896692276 24749
1623441426864 0.4583197832107544 24799
1623441445675 0.4457179307937622 24849
1623441470259 0.47238802909851074 24899
1623441493934 0.49780237674713135 24949
1623441517544 0.406833678483963 24999
1623441540530 0.44277843832969666 25049
1623441566264 0.42907583713531494 25099
1623441590356 0.45274654030799866 25149
1623441613157 0.4190793037414551 25199
1623441631652 0.38240569829940796 25249
1623441721948 0.8312281966209412 18
1623441749724 0.34127911925315857 25299
1623441768908 0.4174012541770935 25349
1623441791499 0.4111418128013611 25399
1623441814102 0.37911611795425415 25449
1623441836936 0.41291943192481995 25499
1623441859224 0.4339430332183838 25549
1623441882381 0.4064294993877411 25599
1623441907825 0.4792404770851135 25649
1623441929149 0.38133862614631653 25699
1623441947219 0.47236621379852295 25749
1623441965486 0.47274208068847656 25799
1623441988700 0.46978560090065 25849
1623442014563 0.4048041105270386 25899
1623442036935 0.454953134059906 25949
1623442055735 0.41559863090515137 25999
1623442078801 0.4595891237258911 26049
1623442103216 0.47247740626335144 26099
1623442128192 0.4150741696357727 26149
1623442153089 0.38805651664733887 26199
1623442174169 0.4790947139263153 26249
1623442193902 0.32822513580322266 26299
1623442217886 0.5113720893859863 26349
1623442242210 0.3999713957309723 26399
1623442265926 0.3526400923728943 26449
1623442294683 0.4988022744655609 26499
1623442315248 0.4649290442466736 26549
1623442408292 0.5777068138122559 19
1623442423825 0.3946722745895386 26599
1623442443535 0.37690484523773193 26649
1623442466410 0.38406670093536377 26699
1623442487947 0.46027177572250366 26749
1623442510664 0.43417179584503174 26799
1623442533875 0.4945449233055115 26849
1623442557561 0.43613189458847046 26899
1623442580847 0.44295018911361694 26949
1623442606356 0.36273038387298584 26999
1623442623920 0.4858512878417969 27049
1623442646890 0.4451137185096741 27099
1623442670484 0.4006119966506958 27149
1623442694803 0.39060455560684204 27199
1623442718706 0.3849852681159973 27249
1623442743894 0.3877701461315155 27299
1623442767870 0.5264346599578857 27349
1623442791881 0.4663953185081482 27399
1623442815444 0.35040244460105896 27449
1623442838515 0.3528514802455902 27499
1623442863509 0.4246557652950287 27549
1623442889769 0.5168001651763916 27599
1623442909031 0.40802979469299316 27649
1623442934547 0.36906298995018005 27699
1623442958446 0.44642648100852966 27749
1623442984037 0.4428006410598755 27799
1623443005026 0.4245142936706543 27849
1623443028906 0.4619302749633789 27899
1623443117843 0.9383147358894348 20
1623443140618 0.4436267018318176 27949
1623443162565 0.38667917251586914 27999
1623443184581 0.4183287024497986 28049
1623443207201 0.37907177209854126 28099
1623443233520 0.3855116367340088 28149
1623443252917 0.4851231575012207 28199
1623443275717 0.42912179231643677 28249
1623443298787 0.4353909492492676 28299
1623443325026 0.33473581075668335 28349
1623443340642 0.38992589712142944 28399
1623443363167 0.4318453073501587 28449
1623443389043 0.36639654636383057 28499
1623443409471 0.45340171456336975 28549
1623443434916 0.5125572085380554 28599
1623443460820 0.47318729758262634 28649
1623443480737 0.4219224452972412 28699
1623443501333 0.4267478585243225 28749
1623443525066 0.46406081318855286 28799
1623443546193 0.46014153957366943 28849
1623443566754 0.40968042612075806 28899
1623443586021 0.44089049100875854 28949
1623443604083 0.3852705955505371 28999
1623443629457 0.42889586091041565 29049
1623443653078 0.40683281421661377 29099
1623443677124 0.5293077826499939 29149
1623443700969 0.4516512155532837 29199
1623443804824 0.6883070468902588 21
1623443820695 0.47230201959609985 29249
1623443839383 0.38865017890930176 29299
1623443857682 0.45061320066452026 29349
1623443878567 0.42908018827438354 29399
1623443901829 0.40333959460258484 29449
1623443922296 0.3955926299095154 29499
1623443945395 0.4566879868507385 29549
1623443970113 0.39404165744781494 29599
1623443991505 0.4487828016281128 29649
1623444015464 0.4052368998527527 29699
1623444039472 0.41211313009262085 29749
1623444058373 0.5083378553390503 29799
1623444076237 0.4011862874031067 29849
1623444101079 0.3916254937648773 29899
1623444124755 0.41247573494911194 29949
1623444146339 0.48581886291503906 29999
1623444170148 0.4190496504306793 30049
1623444193842 0.36504819989204407 30099
1623444218252 0.4699490964412689 30149
1623444243313 0.5043330192565918 30199
1623444266883 0.4210534691810608 30249
1623444290238 0.3948460519313812 30299
1623444314916 0.3912205100059509 30349
1623444339880 0.4762662947177887 30399
1623444363465 0.37797871232032776 30449
1623444386106 0.3693615794181824 30499
1623444410404 0.3804662823677063 30549
1623444501932 0.4751031994819641 22
1623444523767 0.4357103705406189 30599
1623444545278 0.39299827814102173 30649
1623444566820 0.46636930108070374 30699
1623444589458 0.3762770891189575 30749
1623444611525 0.4071139693260193 30799
1623444635848 0.44629836082458496 30849
1623444658461 0.47950029373168945 30899
1623444680674 0.40775883197784424 30949
1623444705605 0.6117362380027771 30999
1623444726141 0.4306486248970032 31049
1623444749414 0.4521433115005493 31099
1623444771508 0.3886916935443878 31149
1623444794858 0.4702479839324951 31199
1623444821096 0.4133131802082062 31249
1623444845282 0.4765239953994751 31299
1623444865382 0.43093815445899963 31349
1623444884227 0.4818148612976074 31399
1623444909752 0.37121814489364624 31449
1623444929909 0.425582617521286 31499
1623444956799 0.5837303996086121 31549
1623444979190 0.36775702238082886 31599
1623444998992 0.46572473645210266 31649
1623445023208 0.5010459423065186 31699
1623445049334 0.4294605255126953 31749
1623445071908 0.40515419840812683 31799
1623445090749 0.36194300651550293 31849
1623445191885 0.12171795219182968 23
1623445200412 0.4442822337150574 31899
1623445221725 0.45765650272369385 31949
1623445243926 0.3675633668899536 31999
1623445265914 0.38862669467926025 32049
1623445288242 0.3716113567352295 32099
1623445310526 0.44269734621047974 32149
1623445337800 0.48786020278930664 32199
1623445358887 0.39831414818763733 32249
1623445375145 0.38779109716415405 32299
1623445396402 0.37836676836013794 32349
1623445422097 0.41528648138046265 32399
1623445448699 0.46231207251548767 32449
1623445466565 0.3557228744029999 32499
1623445490779 0.4236730933189392 32549
1623445515025 0.44565144181251526 32599
1623445538953 0.44980794191360474 32649
1623445567345 0.39497053623199463 32699
1623445588281 0.4032965302467346 32749
1623445609195 0.47793757915496826 32799
1623445633187 0.4725114703178406 32849
1623445657040 0.4070236086845398 32899
1623445679998 0.3678606450557709 32949
1623445704304 0.39184558391571045 32999
1623445727426 0.4897606670856476 33049
1623445745424 0.3754674196243286 33099
1623445768915 0.512988805770874 33149
1623445793437 0.3930443525314331 33199
1623445894910 0.3914339542388916 24
1623445914910 0.37036561965942383 33249
1623445934281 0.46343159675598145 33299
1623445953719 0.41018688678741455 33349
1623445973507 0.381521612405777 33399
1623445991751 0.3650471568107605 33449
1623446011608 0.4458443224430084 33499
1623446035171 0.5542113780975342 33549
1623446057747 0.3569003939628601 33599
1623446081976 0.5331363081932068 33649
1623446102208 0.32722464203834534 33699
1623446125052 0.42267245054244995 33749
1623446150374 0.41499537229537964 33799
1623446170358 0.41110533475875854 33849
1623446194199 0.39312732219696045 33899
1623446218824 0.5306969881057739 33949
1623446244656 0.3899240493774414 33999
1623446268431 0.444593220949173 34049
1623446287089 0.49474814534187317 34099
1623446310967 0.4642640948295593 34149
1623446337080 0.5111731886863708 34199
1623446359889 0.3467792272567749 34249
1623446379731 0.5372723340988159 34299
1623446404060 0.365894079208374 34349
1623446429121 0.4876796007156372 34399
1623446452572 0.41795700788497925 34449
1623446477168 0.3318551182746887 34499
1623446498910 0.4453592002391815 34549
1623446590577 0.8506947755813599 25
1623446620091 0.4484964609146118 34599
1623446644414 0.48459815979003906 34649
1623446668796 0.48914456367492676 34699
1623446693771 0.3685244917869568 34749
1623446718587 0.44663721323013306 34799
1623446743803 0.46451717615127563 34849
1623446768100 0.39315277338027954 34899
1623446793254 0.40283387899398804 34949
1623446817863 0.3407176733016968 34999
1623446843703 0.42726805806159973 35049
1623446868381 0.423983097076416 35099
1623446893861 0.42575016617774963 35149
1623446920246 0.3971825838088989 35199
1623446948260 0.3737849295139313 35249
1623446973187 0.36508119106292725 35299
1623447000477 0.373052716255188 35349
1623447026770 0.39250317215919495 35399
1623447053680 0.3714297413825989 35449
1623447079869 0.4423885941505432 35499
1623447106139 0.4440971910953522 35549
1623447132242 0.37557607889175415 35599
1623447158111 0.3600097894668579 35649
1623447184070 0.46284037828445435 35699
1623447209165 0.4579465091228485 35749
1623447235662 0.38473477959632874 35799
1623447262484 0.3401184380054474 35849
1623447376860 0.4712411165237427 26
1623447395208 0.47008979320526123 35899
1623447424224 0.4083525240421295 35949
1623447449735 0.418326735496521 35999
1623447474494 0.38410234451293945 36049
1623447499740 0.4488672614097595 36099
1623447524196 0.4098248779773712 36149
1623447548991 0.4557936191558838 36199
1623447574158 0.4878345727920532 36249
1623447598723 0.34043753147125244 36299
1623447624087 0.4000493884086609 36349
1623447648478 0.4098932147026062 36399
1623447673901 0.40120309591293335 36449
1623447698582 0.4781760275363922 36499
1623447725701 0.2744159400463104 36549
1623447752639 0.40831059217453003 36599
1623447778484 0.38340508937835693 36649
1623447804503 0.38526833057403564 36699
1623447831767 0.45790597796440125 36749
1623447857941 0.4638977646827698 36799
1623447885046 0.3839932680130005 36849
1623447912081 0.42632895708084106 36899
1623447938515 0.35664111375808716 36949
1623447964324 0.5042369365692139 36999
1623447985540 0.3597941994667053 37049
1623448004124 0.48026543855667114 37099
1623448024594 0.5062901973724365 37149
1623448048693 0.3836008608341217 37199
1623448142956 0.4773113429546356 27
1623448168343 0.37939023971557617 37249
1623448187519 0.4163356125354767 37299
1623448204788 0.44132018089294434 37349
1623448225808 0.3683219254016876 37399
1623448249181 0.45207467675209045 37449
1623448271545 0.3421041667461395 37499
1623448296030 0.46603673696517944 37549
1623448321400 0.3970182538032532 37599
1623448342397 0.41350695490837097 37649
1623448362221 0.46218743920326233 37699
1623448378827 0.3714096248149872 37749
1623448401717 0.45995569229125977 37799
1623448425333 0.5059635043144226 37849
1623448448934 0.4315095543861389 37899
1623448473561 0.4221506714820862 37949
1623448500685 0.45922672748565674 37999
1623448519048 0.49500492215156555 38049
1623448542010 0.33586904406547546 38099
1623448565925 0.3781566619873047 38149
1623448589827 0.3916674256324768 38199
1623448613239 0.4176880419254303 38249
1623448637176 0.44569796323776245 38299
1623448662229 0.4378902316093445 38349
1623448682902 0.4825144112110138 38399
1623448702317 0.4087654650211334 38449
1623448721446 0.4087868332862854 38499
1623448828064 0.6889678239822388 28
1623448837534 0.3959887623786926 38549
1623448858845 0.42603451013565063 38599
1623448880745 0.3907654583454132 38649
1623448902835 0.4292762875556946 38699
1623448927783 0.41878581047058105 38749
1623448950545 0.3757335841655731 38799
1623448973135 0.4653927683830261 38849
1623448995846 0.3273756504058838 38899
1623449019048 0.3919309079647064 38949
1623449045043 0.4628920555114746 38999
1623449061691 0.41122108697891235 39049
1623449083678 0.4134421944618225 39099
1623449107415 0.45997875928878784 39149
1623449132217 0.3382709324359894 39199
1623449156232 0.3673681616783142 39249
1623449180222 0.3622887432575226 39299
1623449206279 0.38454949855804443 39349
1623449226108 0.3790980577468872 39399
1623449253155 0.3710159659385681 39449
1623449272744 0.4371882677078247 39499
1623449295118 0.47230803966522217 39549
1623449319630 0.4471185803413391 39599
1623449343601 0.47077476978302 39649
1623449363783 0.4143574833869934 39699
1623449388784 0.4183066487312317 39749
1623449411723 0.4124657213687897 39799
1623449432563 0.4275733530521393 39849
1623449527794 0.4442766606807709 29
1623449549333 0.3503739535808563 39899
1623449568693 0.300697386264801 39949
1623449588112 0.4507797360420227 39999
1623449607692 0.32996460795402527 40049
1623449628336 0.5016931295394897 40099
1623449645742 0.4592028558254242 40149
1623449666488 0.34465694427490234 40199
1623449690126 0.4346209168434143 40249
1623449714883 0.34223294258117676 40299
1623449738564 0.3787235617637634 40349
1623449757573 0.47324085235595703 40399
1623449777778 0.355701744556427 40449
1623449797737 0.39814630150794983 40499
1623449824527 0.36962008476257324 40549
1623449842628 0.3848029375076294 40599
1623449866575 0.4611559510231018 40649
1623449891157 0.3852910101413727 40699
1623449912325 0.30078625679016113 40749
1623449936798 0.4053037166595459 40799
1623449960437 0.33451637625694275 40849
1623449985195 0.4269949793815613 40899
1623450009523 0.35954415798187256 40949
1623450035170 0.44312724471092224 40999
1623450056157 0.3936493396759033 41049
1623450076208 0.3848402500152588 41099
1623450099992 0.35808777809143066 41149
1623450212329 0.537407398223877 30
1623450220986 0.4558236598968506 41199
1623450244951 0.3535894751548767 41249
1623450264366 0.4179459810256958 41299
1623450283718 0.3351103663444519 41349
1623450300901 0.3208807110786438 41399
1623450322267 0.43373119831085205 41449
1623450345284 0.47113749384880066 41499
1623450369414 0.33679959177970886 41549
1623450392504 0.44782066345214844 41599
1623450414984 0.4334908425807953 41649
1623450441600 0.4285717010498047 41699
1623450461261 0.3846902847290039 41749
1623450484461 0.40811967849731445 41799
1623450512006 0.41112881898880005 41849
1623450533453 0.392001748085022 41899
1623450549962 0.4065779447555542 41949
1623450575420 0.4577721357345581 41999
1623450599308 0.4166224002838135 42049
1623450622899 0.46713167428970337 42099
1623450647756 0.38698962330818176 42149
1623450669874 0.4410278797149658 42199
1623450693895 0.38962069153785706 42249
1623450721648 0.3855957090854645 42299
1623450739318 0.4114663004875183 42349
1623450763551 0.3885890245437622 42399
1623450790920 0.38223880529403687 42449
1623450810117 0.43808072805404663 42499
1623450904930 0.6162910461425781 31
1623450924463 0.3970944583415985 42549
1623450941540 0.4123186469078064 42599
1623450962641 0.36325302720069885 42649
1623450984983 0.3831314146518707 42699
1623451007408 0.39354076981544495 42749
1623451030153 0.5339952707290649 42799
1623451056121 0.41426777839660645 42849
1623451073507 0.41616207361221313 42899
1623451094550 0.35752373933792114 42949
1623451117878 0.38894420862197876 42999
1623451144386 0.3410617709159851 43049
1623451163688 0.401980459690094 43099
1623451181898 0.41163742542266846 43149
1623451205201 0.3202343285083771 43199
1623451226439 0.4712074398994446 43249
1623451251057 0.4038527011871338 43299
1623451278204 0.452396422624588 43349
1623451299319 0.3197883069515228 43399
1623451319616 0.33791637420654297 43449
1623451340086 0.43943455815315247 43499
1623451357508 0.47448188066482544 43549
1623451382252 0.39914798736572266 43599
1623451405712 0.44762367010116577 43649
1623451429485 0.41991132497787476 43699
1623451454234 0.3455584943294525 43749
1623451478204 0.4128836393356323 43799
1623451501635 0.3702136278152466 43849
1623451592561 0.3466457724571228 32
1623451616034 0.4463946223258972 43899
1623451641051 0.4548896551132202 43949
1623451660789 0.3070465922355652 43999
1623451678333 0.4255141019821167 44049
1623451697903 0.3482242822647095 44099
1623451721118 0.3994099795818329 44149
1623451744456 0.4008486270904541 44199
1623451766411 0.38189324736595154 44249
1623451789311 0.4157184958457947 44299
1623451812526 0.4192396402359009 44349
1623451836561 0.399076372385025 44399
1623451859948 0.41509878635406494 44449
1623451883178 0.4219876825809479 44499
1623451908177 0.39241480827331543 44549
1623451933647 0.37482213973999023 44599
1623451957401 0.42074042558670044 44649
1623451975608 0.34424474835395813 44699
1623451998989 0.4086281657218933 44749
1623452023328 0.4209554195404053 44799
1623452046320 0.4434971809387207 44849
1623452072009 0.44513964653015137 44899
1623452090825 0.42368707060813904 44949
1623452118498 0.4384521245956421 44999
1623452140235 0.4867522418498993 45049
1623452160855 0.391526460647583 45099
1623452186017 0.4338728189468384 45149
1623452286025 0.5213627219200134 33
1623452301096 0.406472384929657 45199
1623452320970 0.3464434742927551 45249
1623452340064 0.3911939859390259 45299
1623452359273 0.37902307510375977 45349
1623452379160 0.3845002055168152 45399
1623452398795 0.3525928258895874 45449
1623452417504 0.4012978672981262 45499
1623452435353 0.3903835117816925 45549
1623452458565 0.38817736506462097 45599
1623452482421 0.5053168535232544 45649
1623452506530 0.38991492986679077 45699
1623452529573 0.44436734914779663 45749
1623452552447 0.3459962010383606 45799
1623452578208 0.3422410488128662 45849
1623452603284 0.39716070890426636 45899
1623452623479 0.3650175929069519 45949
1623452641995 0.40262019634246826 45999
1623452664739 0.3971139192581177 46049
1623452688899 0.42456120252609253 46099
1623452712605 0.3256336450576782 46149
1623452736434 0.45231395959854126 46199
1623452759288 0.39268994331359863 46249
1623452785139 0.4129307270050049 46299
1623452807406 0.40828168392181396 46349
1623452827994 0.4775565266609192 46399
1623452848479 0.5382140874862671 46449
1623452866034 0.38449811935424805 46499
1623452958258 0.3001496493816376 34
1623452980739 0.37484627962112427 46549
1623452999230 0.38182058930397034 46599
1623453022272 0.3499453067779541 46649
1623453046886 0.40639781951904297 46699
1623453064797 0.37366217374801636 46749
1623453084424 0.41063761711120605 46799
1623453107297 0.39763301610946655 46849
1623453130142 0.4176335632801056 46899
1623453153813 0.3962242007255554 46949
1623453176819 0.49551013112068176 46999
1623453201135 0.41516584157943726 47049
1623453226730 0.41112175583839417 47099
1623453247029 0.3494746685028076 47149
1623453268079 0.4057158827781677 47199
1623453288618 0.4082680344581604 47249
1623453309358 0.3946158289909363 47299
1623453329880 0.34663477540016174 47349
1623453350371 0.36310577392578125 47399
1623453368427 0.41314834356307983 47449
1623453391527 0.3928748369216919 47499
1623453417272 0.4005082845687866 47549
1623453438205 0.34260380268096924 47599
1623453456679 0.41235435009002686 47649
1623453481258 0.3788841962814331 47699
1623453501095 0.4838482141494751 47749
1623453522424 0.4917839765548706 47799
1623453629152 0.5282440185546875 35
1623453639250 0.4645477533340454 47849
1623453658517 0.42196130752563477 47899
1623453679974 0.3398420214653015 47949
1623453701843 0.43028390407562256 47999
1623453724321 0.3422664999961853 48049
1623453749355 0.4615384340286255 48099
1623453771918 0.3222310543060303 48149
1623453794857 0.39253532886505127 48199
1623453817407 0.41492220759391785 48249
1623453842254 0.3882400691509247 48299
1623453858901 0.36484330892562866 48349
1623453880684 0.3292384147644043 48399
1623453902639 0.3995910882949829 48449
1623453926458 0.3851490318775177 48499
1623453953278 0.45991426706314087 48549
1623453974594 0.4627324938774109 48599
1623453997903 0.3897880017757416 48649
1623454020798 0.3877211809158325 48699
1623454043772 0.34899473190307617 48749
1623454070317 0.3716639280319214 48799
1623454090363 0.4240643382072449 48849
1623454114043 0.4123198986053467 48899
1623454134853 0.2518691420555115 48949
1623454158587 0.46249979734420776 48999
1623454180722 0.3433646559715271 49049
1623454207300 0.3631790280342102 49099
1623454227996 0.32891833782196045 49149
1623454324865 0.3798941969871521 36
1623454341854 0.4226696193218231 49199
1623454366523 0.45478808879852295 49249
1623454385766 0.37521255016326904 49299
1623454405516 0.37228867411613464 49349
1623454425159 0.48964208364486694 49399
1623454443044 0.4275795817375183 49449
1623454463180 0.33320704102516174 49499
1623454486795 0.3928532302379608 49549
1623454509830 0.478051096200943 49599
1623454536687 0.3407859206199646 49649
1623454553935 0.4681586027145386 49699
1623454577411 0.3855947256088257 49749
1623454601355 0.3520206809043884 49799
1623454626124 0.412186861038208 49849
1623454649484 0.42182037234306335 49899
1623454673201 0.2980400323867798 49949
1623454696318 0.35393255949020386 49999
1623454720017 0.34273776412010193 50049
1623454743295 0.4285634160041809 50099
1623454768954 0.3478766083717346 50149
1623454791978 0.36225956678390503 50199
1623454819580 0.4240332543849945 50249
1623454840353 0.3705122768878937 50299
1623454861081 0.3242863416671753 50349
1623454881807 0.3233776092529297 50399
1623454902650 0.4343971014022827 50449
1623454917398 0.293768048286438 50499
1623455006552 0.16932912170886993 37
1623455031966 0.46272748708724976 50549
1623455053627 0.4173681139945984 50599
1623455075316 0.3963913023471832 50649
1623455097394 0.33593815565109253 50699
1623455120969 0.40067747235298157 50749
1623455143367 0.32229751348495483 50799
1623455169156 0.43278932571411133 50849
1623455191582 0.4532889723777771 50899
1623455213826 0.4307936728000641 50949
1623455236745 0.3802444338798523 50999
1623455259614 0.4552239775657654 51049
1623455282411 0.44514065980911255 51099
1623455308225 0.3641616702079773 51149
1623455335641 0.39445698261260986 51199
1623455356596 0.3896964490413666 51249
1623455377181 0.4078804552555084 51299
1623455397962 0.48889413475990295 51349
1623455418591 0.3923425078392029 51399
1623455439431 0.33373844623565674 51449
1623455460825 0.40377864241600037 51499
1623455479763 0.3908972144126892 51549
1623455500453 0.43179428577423096 51599
1623455527329 0.3563709259033203 51649
1623455547939 0.41032516956329346 51699
1623455566727 0.37494105100631714 51749
1623455588416 0.32851701974868774 51799
1623455688129 0.15200573205947876 38
1623455702524 0.34420010447502136 51849
1623455723733 0.43889671564102173 51899
1623455745798 0.510026216506958 51949
1623455771225 0.3727514445781708 51999
1623455792210 0.43874117732048035 52049
1623455812046 0.35675424337387085 52099
1623455831962 0.3505585193634033 52149
1623455850411 0.36758506298065186 52199
1623455868623 0.40776580572128296 52249
1623455891776 0.49199262261390686 52299
1623455915701 0.393433541059494 52349
1623455939628 0.4216684401035309 52399
1623455964311 0.32347381114959717 52449
1623455986142 0.3677672743797302 52499
1623456009177 0.4298323690891266 52549
1623456036235 0.3501158654689789 52599
1623456057096 0.4148646593093872 52649
1623456074865 0.3522030711174011 52699
1623456099539 0.44937390089035034 52749
1623456127173 0.3295513987541199 52799
1623456147920 0.385455846786499 52849
1623456169076 0.37066325545310974 52899
1623456187925 0.4342196583747864 52949
1623456209122 0.39438632130622864 52999
1623456233140 0.42172566056251526 53049
1623456257791 0.3709025979042053 53099
1623456280718 0.416562557220459 53149
1623456369046 0.3348490595817566 39
1623456391851 0.38611236214637756 53199
1623456414366 0.4073858857154846 53249
1623456436760 0.34516358375549316 53299
1623456459309 0.4764658808708191 53349
1623456484020 0.3241366446018219 53399
1623456507979 0.35994428396224976 53449
1623456528132 0.31129902601242065 53499
1623456551064 0.44824278354644775 53549
1623456574215 0.430378258228302 53599
1623456598531 0.36477941274642944 53649
1623456617629 0.4259612560272217 53699
1623456642250 0.3809911012649536 53749
1623456666154 0.39907488226890564 53799
1623456691060 0.4062263071537018 53849
1623456717461 0.3669915199279785 53899
1623456738526 0.43872588872909546 53949
1623456759195 0.3620406985282898 53999
1623456779945 0.3174085021018982 54049
1623456800672 0.358725368976593 54099
1623456821470 0.37904131412506104 54149
1623456842395 0.3270878493785858 54199
1623456862690 0.385985791683197 54249
1623456880880 0.3498465418815613 54299
1623456902165 0.46583330631256104 54349
1623456929793 0.39110270142555237 54399
1623456948263 0.3961199223995209 54449
1623457051445 0.43410158157348633 40
1623457061748 0.33073529601097107 54499
1623457082860 0.3587963581085205 54549
1623457105313 0.3313119113445282 54599
1623457131633 0.34801435470581055 54649
1623457153041 0.3875141143798828 54699
1623457172737 0.3281709551811218 54749
1623457187975 0.3048653304576874 54799
1623457214279 0.34015169739723206 54849
1623457231528 0.46393153071403503 54899
1623457255240 0.3180367350578308 54949
1623457281671 0.3910853862762451 54999
1623457299899 0.3895542323589325 55049
1623457324929 0.32936686277389526 55099
1623457348768 0.32649916410446167 55149
1623457374555 0.3857438266277313 55199
1623457395646 0.4073639512062073 55249
1623457416794 0.3767149746417999 55299
1623457438798 0.41613247990608215 55349
1623457466086 0.4247540235519409 55399
1623457485825 0.3824063241481781 55449
1623457505289 0.3420454263687134 55499
1623457528556 0.4502795934677124 55549
1623457553934 0.4314159154891968 55599
1623457578911 0.3757835924625397 55649
1623457601794 0.31475937366485596 55699
1623457622019 0.3727576434612274 55749
1623457639215 0.501166582107544 55799
1623457733437 0.3392097055912018 41
1623457756338 0.3008168637752533 55849
1623457775574 0.37944328784942627 55899
1623457795282 0.371761679649353 55949
1623457815163 0.4259043335914612 55999
1623457834917 0.3472815155982971 56049
1623457854488 0.38200297951698303 56099
1623457870248 0.34823256731033325 56149
1623457893202 0.35667818784713745 56199
1623457920489 0.3883976936340332 56249
1623457940997 0.40293437242507935 56299
1623457956579 0.30466821789741516 56349
1623457979821 0.4108911156654358 56399
1623458004745 0.41355836391448975 56449
1623458028280 0.4281352460384369 56499
1623458050768 0.38097015023231506 56549
1623458076572 0.3484483063220978 56599
1623458093789 0.39095935225486755 56649
1623458117851 0.4079284071922302 56699
1623458143270 0.419028639793396 56749
1623458161121 0.3623371422290802 56799
1623458185595 0.3735044598579407 56849
1623458209586 0.3482525944709778 56899
1623458234419 0.49381768703460693 56949
1623458257303 0.3928379416465759 56999
1623458278052 0.3781776428222656 57049
1623458304545 0.44420498609542847 57099
1623458409998 1.054460048675537 42
1623458418575 0.3121943473815918 57149
1623458440872 0.3071039319038391 57199
1623458458786 0.48102784156799316 57249
1623458478755 0.36974358558654785 57299
1623458501498 0.39998185634613037 57349
1623458526495 0.4260770380496979 57399
1623458546058 0.29690101742744446 57449
1623458569627 0.4526126980781555 57499
1623458592085 0.4514944553375244 57549
1623458615248 0.45222675800323486 57599
1623458639137 0.335073858499527 57649
1623458663173 0.3979945182800293 57699
1623458686262 0.3056906461715698 57749
1623458713191 0.3561282157897949 57799
1623458735054 0.41831791400909424 57849
1623458755766 0.42658400535583496 57899
1623458776664 0.3750911355018616 57949
1623458797248 0.40290066599845886 57999
1623458818023 0.3845663070678711 58049
1623458836850 0.3767525553703308 58099
1623458856780 0.3844766616821289 58149
1623458884351 0.3707877993583679 58199
1623458904845 0.28720468282699585 58249
1623458928851 0.33295243978500366 58299
1623458952079 0.31233683228492737 58349
1623458975022 0.3018203377723694 58399
1623458999417 0.4449622333049774 58449
1623459095595 0.35551917552948 43
1623459111575 0.5087137818336487 58499
1623459132882 0.3864631950855255 58549
1623459155493 0.4362632632255554 58599
1623459177649 0.3624345064163208 58649
1623459202511 0.3570631444454193 58699
1623459225168 0.3802171051502228 58749
1623459248184 0.36023300886154175 58799
1623459269966 0.3666175603866577 58849
1623459292045 0.31384897232055664 58899
1623459315178 0.3966842293739319 58949
1623459340994 0.38040101528167725 58999
1623459359356 0.39375561475753784 59049
1623459386425 0.40363839268684387 59099
1623459408907 0.39618775248527527 59149
1623459432903 0.3553198575973511 59199
1623459451596 0.41329729557037354 59249
1623459475688 0.3570674657821655 59299
1623459500669 0.3388701379299164 59349
1623459524182 0.32954686880111694 59399
1623459551265 0.3678688108921051 59449
1623459573982 0.4013153314590454 59499
1623459594527 0.3983578681945801 59549
1623459614467 0.41793447732925415 59599
1623459632659 0.39897090196609497 59649
1623459656817 0.34062904119491577 59699
1623459682086 0.38558077812194824 59749
1623459703911 0.4183366298675537 59799
1623459796533 0.4097275137901306 44
1623459819824 0.29510700702667236 59849
1623459841846 0.34343263506889343 59899
1623459864665 0.4218737781047821 59949
1623459888611 0.3968963027000427 59999
1623459911159 0.34762316942214966 60049
1623459934294 0.39766812324523926 60099
1623459957070 0.34119775891304016 60149
1623459979825 0.44381269812583923 60199
1623460004454 0.3990028202533722 60249
1623460024413 0.46128585934638977 60299
1623460048714 0.4334089457988739 60349
1623460073230 0.3673553466796875 60399
1623460098677 0.35694414377212524 60449
1623460116987 0.3490569591522217 60499
1623460139308 0.35516682267189026 60549
1623460164099 0.33074313402175903 60599
1623460188859 0.4147743880748749 60649
1623460213006 0.42562544345855713 60699
1623460231503 0.4803178012371063 60749
1623460253630 0.31850409507751465 60799
1623460278205 0.3588891625404358 60849
1623460303306 0.4847044050693512 60899
1623460327322 0.3313681185245514 60949
1623460351309 0.34459853172302246 60999
1623460375945 0.4568691849708557 61049
1623460396433 0.32765451073646545 61099
1623460497926 0.3098219037055969 45
1623460512933 0.3915970027446747 61149
1623460533119 0.3165109157562256 61199
1623460553137 0.3905490040779114 61249
1623460572594 0.43011289834976196 61299
1623460588199 0.4560979902744293 61349
1623460611721 0.3930923044681549 61399
1623460635993 0.3822275996208191 61449
1623460658033 0.42719703912734985 61499
1623460680422 0.3369906544685364 61549
1623460704630 0.3384721279144287 61599
1623460726965 0.33968615531921387 61649
1623460749195 0.4442381262779236 61699
1623460772281 0.32848191261291504 61749
1623460797861 0.3249931335449219 61799
1623460823571 0.347533643245697 61849
1623460842459 0.4223244786262512 61899
1623460866520 0.4213881194591522 61949
1623460891564 0.3828088939189911 61999
1623460914204 0.40313082933425903 62049
1623460936161 0.3846970498561859 62099
1623460962053 0.366305410861969 62149
1623460985676 0.3793289065361023 62199
1623461004591 0.3344765305519104 62249
1623461030020 0.4233606159687042 62299
1623461055021 0.3636575937271118 62349
1623461076983 0.37539052963256836 62399
1623461100349 0.5028495788574219 62449
1623461192205 0.6747751235961914 46
1623461216341 0.3667660355567932 62499
1623461236100 0.4115467071533203 62549
1623461255752 0.45251286029815674 62599
1623461273732 0.35477888584136963 62649
1623461292926 0.3945777416229248 62699
1623461316338 0.3754727840423584 62749
1623461340888 0.40584492683410645 62799
1623461363967 0.28406986594200134 62849
1623461386864 0.30309924483299255 62899
1623461411207 0.40632760524749756 62949
1623461436103 0.38175106048583984 62999
1623461459077 0.3474649488925934 63049
1623461477852 0.3811963200569153 63099
1623461503461 0.4195956587791443 63149
1623461523978 0.5112336874008179 63199
1623461544955 0.40474802255630493 63249
1623461565312 0.35210689902305603 63299
1623461583962 0.3988044261932373 63349
1623461607611 0.4102424383163452 63399
1623461631681 0.4016985595226288 63449
1623461655388 0.4642150402069092 63499
1623461680216 0.31802254915237427 63549
1623461702857 0.4210774302482605 63599
1623461726902 0.436473548412323 63649
1623461752421 0.3809235095977783 63699
1623461776430 0.39196038246154785 63749
1623461881405 0.8647130131721497 47
1623461890798 0.3828948438167572 63799
1623461911579 0.33357906341552734 63849
1623461934075 0.45775797963142395 63899
1623461956096 0.4032190442085266 63949
1623461981222 0.41908299922943115 63999
1623462006077 0.4400797486305237 64049
1623462026042 0.41315752267837524 64099
1623462045923 0.3397144675254822 64149
1623462065484 0.35027390718460083 64199
1623462083367 0.41278696060180664 64249
1623462106780 0.3530612587928772 64299
1623462130519 0.4247584342956543 64349
1623462154948 0.36730527877807617 64399
1623462177720 0.4066329598426819 64449
1623462201426 0.4004295766353607 64499
1623462227724 0.29440057277679443 64549
1623462249047 0.4032822549343109 64599
1623462268388 0.34856051206588745 64649
1623462287246 0.29162028431892395 64699
1623462312177 0.35653334856033325 64749
1623462335828 0.3109245300292969 64799
1623462360320 0.2877826690673828 64849
1623462384132 0.30809277296066284 64899
1623462409406 0.3163672089576721 64949
1623462432039 0.3938085436820984 64999
1623462456247 0.47133392095565796 65049
1623462480356 0.4528149962425232 65099
1623462574594 0.39297395944595337 48
1623462596610 0.3613748550415039 65149
1623462616027 0.38994061946868896 65199
1623462635496 0.4705771803855896 65249
1623462653217 0.2959304749965668 65299
1623462672613 0.23389658331871033 65349
1623462695476 0.4204498827457428 65399
1623462719217 0.39800381660461426 65449
1623462745779 0.46765369176864624 65499
1623462762397 0.3774886429309845 65549
1623462786037 0.2798353433609009 65599
1623462809473 0.36295086145401 65649
1623462833948 0.5089976787567139 65699
1623462855960 0.44444540143013 65749
1623462879490 0.4644860029220581 65799
1623462902585 0.32536160945892334 65849
1623462929635 0.3519402742385864 65899
1623462948489 0.4109513461589813 65949
1623462973431 0.5038461089134216 65999
1623462997410 0.39343661069869995 66049
1623463022725 0.4339512884616852 66099
1623463042727 0.36173877120018005 66149
1623463067686 0.39715349674224854 66199
1623463090815 0.34284746646881104 66249
1623463113617 0.3221602141857147 66299
1623463138763 0.3810268044471741 66349
1623463160975 0.4282456040382385 66399
1623463180863 0.5712311267852783 66449
1623463267793 0.5712311267852783 49
