1623429424987 0.6807044744491577 0
1623430092825 0.6885361075401306 1
1623430758745 0.6516185998916626 2
1623431424389 0.473392128944397 3
1623432109858 0.6583576202392578 4
1623432795454 1.0398483276367188 5
1623433471170 0.4007500410079956 6
1623434159370 0.436050683259964 7
1623434823906 0.5077121257781982 8
1623435507910 0.5608275532722473 9
1623436190633 0.4767511487007141 10
1623436880569 0.46256014704704285 11
1623437557579 0.5075147151947021 12
1623438255347 0.4490222632884979 13
1623438955301 0.6616003513336182 14
1623439653899 0.7624969482421875 15
1623440340931 0.4053996801376343 16
1623441023188 0.42885804176330566 17
1623441721948 0.8312281966209412 18
1623442408292 0.5777068138122559 19
1623443117843 0.9383147358894348 20
1623443804824 0.6883070468902588 21
1623444501932 0.4751031994819641 22
1623445191885 0.12171795219182968 23
1623445894910 0.3914339542388916 24
1623446590577 0.8506947755813599 25
1623447376860 0.4712411165237427 26
1623448142956 0.4773113429546356 27
1623448828064 0.6889678239822388 28
1623449527794 0.4442766606807709 29
1623450212329 0.537407398223877 30
1623450904930 0.6162910461425781 31
1623451592561 0.3466457724571228 32
1623452286025 0.5213627219200134 33
1623452958258 0.3001496493816376 34
1623453629152 0.5282440185546875 35
1623454324865 0.3798941969871521 36
1623455006552 0.16932912170886993 37
1623455688129 0.15200573205947876 38
1623456369046 0.3348490595817566 39
1623457051445 0.43410158157348633 40
1623457733437 0.3392097055912018 41
1623458409998 1.054460048675537 42
1623459095595 0.35551917552948 43
1623459796533 0.4097275137901306 44
1623460497926 0.3098219037055969 45
1623461192205 0.6747751235961914 46
1623461881405 0.8647130131721497 47
1623462574594 0.39297395944595337 48
1623463267793 0.5712311267852783 49
