1623428793577 0 49
1623428822425 0 99
1623428850964 0 149
1623428879429 0 199
1623428907990 0 249
1623428936732 0 299
1623428965402 0 349
1623428993977 0 399
1623429022515 0 449
1623429051552 0 499
1623429080113 0 549
1623429109269 0 599
1623429138086 0 649
1623429166793 0 699
1623429195865 0 749
1623429224904 0 799
1623429253894 0 849
1623429282975 0 899
1623429311733 0 949
1623429340488 0 999
1623429369290 0 1049
1623429398647 0 1099
1623429427204 0 1149
1623429456027 0 1199
1623429484919 0 1249
1623429513720 0 1299
1623429529723 0 1328
1623429641972 0 1328
1623429662685 1 1349
1623429691247 1 1399
1623429719432 1 1449
1623429747941 1 1499
1623429776739 1 1549
1623429805251 1 1599
1623429834210 1 1649
1623429862845 1 1699
1623429891485 1 1749
1623429919964 1 1799
1623429948628 1 1849
1623429977208 1 1899
1623430005996 1 1949
1623430034981 1 1999
1623430063566 1 2049
1623430092582 1 2099
1623430121378 1 2149
1623430150631 1 2199
1623430179944 1 2249
1623430209069 1 2299
1623430238090 1 2349
1623430266896 1 2399
1623430295843 1 2449
1623430324641 1 2499
1623430353499 1 2549
1623430382548 1 2599
1623430410055 1 2649
1623430415104 1 2657
1623430534659 1 2657
1623430567809 2 2699
1623430596132 2 2749
1623430624766 2 2799
1623430653150 2 2849
1623430681945 2 2899
1623430710960 2 2949
1623430739842 2 2999
1623430768757 2 3049
1623430797310 2 3099
1623430825931 2 3149
1623430854769 2 3199
1623430883531 2 3249
1623430912588 2 3299
1623430941953 2 3349
1623430970843 2 3399
1623430999760 2 3449
1623431028885 2 3499
1623431057811 2 3549
1623431086950 2 3599
1623431115772 2 3649
1623431144867 2 3699
1623431173921 2 3749
1623431202907 2 3799
1623431231820 2 3849
1623431260708 2 3899
1623431289457 2 3949
1623431310383 2 3986
1623431422722 2 3986
1623431438065 3 3999
1623431468276 3 4049
1623431496679 3 4099
1623431525055 3 4149
1623431554168 3 4199
1623431582749 3 4249
1623431611593 3 4299
1623431640330 3 4349
1623431669078 3 4399
1623431697615 3 4449
1623431725963 3 4499
1623431754559 3 4549
1623431783396 3 4599
1623431812453 3 4649
1623431841253 3 4699
1623431870664 3 4749
1623431899611 3 4799
1623431928293 3 4849
1623431957404 3 4899
1623431986551 3 4949
1623432015488 3 4999
1623432044350 3 5049
1623432073233 3 5099
1623432102135 3 5149
1623432131203 3 5199
1623432160307 3 5249
1623432188354 3 5299
1623432197717 3 5315
1623432307511 3 5315
1623432335658 4 5349
1623432366197 4 5399
1623432394518 4 5449
1623432422860 4 5499
1623432451547 4 5549
1623432480003 4 5599
1623432508760 4 5649
1623432537382 4 5699
1623432566211 4 5749
1623432594647 4 5799
1623432622959 4 5849
1623432651748 4 5899
1623432680677 4 5949
1623432709388 4 5999
1623432738273 4 6049
1623432767337 4 6099
1623432796180 4 6149
1623432825093 4 6199
1623432853791 4 6249
1623432882845 4 6299
1623432911592 4 6349
1623432940602 4 6399
1623432969531 4 6449
1623432998924 4 6499
1623433027942 4 6549
1623433057104 4 6599
1623433082404 4 6644
1623433201297 4 6644
1623433212798 5 6649
1623433241792 5 6699
1623433270386 5 6749
1623433298919 5 6799
1623433327349 5 6849
1623433356214 5 6899
1623433385018 5 6949
1623433413709 5 6999
1623433442474 5 7049
1623433471316 5 7099
1623433499741 5 7149
1623433528572 5 7199
1623433557138 5 7249
1623433586117 5 7299
1623433615139 5 7349
1623433644128 5 7399
1623433673112 5 7449
1623433702149 5 7499
1623433730932 5 7549
1623433759813 5 7599
1623433788841 5 7649
1623433817692 5 7699
1623433846655 5 7749
1623433875271 5 7799
1623433904290 5 7849
1623433932785 5 7899
1623433961394 5 7949
1623433974997 5 7973
1623434095973 5 7973
1623434120080 6 7999
1623434148618 6 8049
1623434177451 6 8099
1623434205999 6 8149
1623434234637 6 8199
1623434263210 6 8249
1623434292065 6 8299
1623434321032 6 8349
1623434349751 6 8399
1623434378232 6 8449
1623434406981 6 8499
1623434435696 6 8549
1623434464392 6 8599
1623434493195 6 8649
1623434522180 6 8699
1623434551325 6 8749
1623434580420 6 8799
1623434609022 6 8849
1623434638064 6 8899
1623434667358 6 8949
1623434696272 6 8999
1623434725147 6 9049
1623434754028 6 9099
1623434782831 6 9149
1623434811844 6 9199
1623434840949 6 9249
1623434868475 6 9299
1623434871067 6 9302
1623434981446 6 9302
1623435018068 7 9349
1623435046889 7 9399
1623435075539 7 9449
1623435104245 7 9499
1623435132636 7 9549
1623435161520 7 9599
1623435190098 7 9649
1623435218802 7 9699
1623435247363 7 9749
1623435276084 7 9799
1623435304511 7 9849
1623435333026 7 9899
1623435362161 7 9949
1623435391232 7 9999
1623435420107 7 10049
1623435448975 7 10099
1623435477789 7 10149
1623435506944 7 10199
1623435535743 7 10249
1623435564712 7 10299
1623435593596 7 10349
1623435622420 7 10399
1623435651020 7 10449
1623435680301 7 10499
1623435708844 7 10549
1623435737742 7 10599
1623435755595 7 10631
1623435867298 7 10631
1623435886785 8 10649
1623435915227 8 10699
1623435943969 8 10749
1623435972387 8 10799
1623436001040 8 10849
1623436030021 8 10899
1623436058453 8 10949
1623436087135 8 10999
1623436115761 8 11049
1623436144404 8 11099
1623436173166 8 11149
1623436201644 8 11199
1623436230323 8 11249
1623436259177 8 11299
1623436288231 8 11349
1623436317263 8 11399
1623436346004 8 11449
1623436375165 8 11499
1623436404056 8 11549
1623436432810 8 11599
1623436461566 8 11649
1623436490583 8 11699
1623436519752 8 11749
1623436548796 8 11799
1623436578017 8 11849
1623436607159 8 11899
1623436634964 8 11949
1623436642035 8 11960
1623436754135 8 11960
1623436785776 9 11999
1623436814386 9 12049
1623436843059 9 12099
1623436871809 9 12149
1623436900486 9 12199
1623436929369 9 12249
1623436958349 9 12299
1623436986974 9 12349
1623437015760 9 12399
1623437044739 9 12449
1623437073291 9 12499
1623437102157 9 12549
1623437131012 9 12599
1623437160010 9 12649
1623437188977 9 12699
1623437217826 9 12749
1623437246752 9 12799
1623437275652 9 12849
1623437304725 9 12899
1623437334060 9 12949
1623437363413 9 12999
1623437392394 9 13049
1623437421346 9 13099
1623437450263 9 13149
1623437479163 9 13199
1623437508080 9 13249
1623437530785 9 13289
1623437648531 9 13289
1623437663636 10 13299
1623437692269 10 13349
1623437720825 10 13399
1623437749287 10 13449
1623437777873 10 13499
1623437806159 10 13549
1623437837243 10 13599
1623437869022 10 13649
1623437898281 10 13699
1623437927393 10 13749
1623437956243 10 13799
1623437985161 10 13849
1623438014044 10 13899
1623438042953 10 13949
1623438072100 10 13999
1623438100616 10 14049
1623438129665 10 14099
1623438158754 10 14149
1623438187712 10 14199
1623438216703 10 14249
1623438245923 10 14299
1623438275072 10 14349
1623438304081 10 14399
1623438332780 10 14449
1623438361561 10 14499
1623438390336 10 14549
1623438418692 10 14599
1623438429773 10 14618
1623438548755 10 14618
1623438575553 11 14649
1623438604124 11 14699
1623438632668 11 14749
1623438661663 11 14799
1623438690249 11 14849
1623438719015 11 14899
1623438747751 11 14949
1623438776394 11 14999
1623438805056 11 15049
1623438833809 11 15099
1623438862681 11 15149
1623438891363 11 15199
1623438920105 11 15249
1623438949233 11 15299
1623438978488 11 15349
1623439007464 11 15399
1623439036560 11 15449
1623439065739 11 15499
1623439094991 11 15549
1623439123996 11 15599
1623439153219 11 15649
1623439182533 11 15699
1623439211608 11 15749
1623439240917 11 15799
1623439270307 11 15849
1623439299826 11 15899
1623439327652 11 15947
1623439448340 11 15947
1623439458648 12 15949
1623439489659 12 15999
1623439518302 12 16049
1623439546879 12 16099
1623439575867 12 16149
1623439604956 12 16199
1623439633914 12 16249
1623439663157 12 16299
1623439691966 12 16349
1623439720996 12 16399
1623439749728 12 16449
1623439778746 12 16499
1623439807759 12 16549
1623439836722 12 16599
1623439865916 12 16649
1623439895197 12 16699
1623439924449 12 16749
1623439953675 12 16799
1623439983350 12 16849
1623440012941 12 16899
1623440041899 12 16949
1623440071049 12 16999
1623440100392 12 17049
1623440129950 12 17099
1623440159129 12 17149
1623440188572 12 17199
1623440217828 12 17249
1623440233638 12 17276
1623440356573 12 17276
1623440379078 13 17299
1623440407966 13 17349
1623440436605 13 17399
1623440465513 13 17449
1623440494756 13 17499
1623440523867 13 17549
1623440552742 13 17599
1623440581867 13 17649
1623440610683 13 17699
1623440639633 13 17749
1623440668463 13 17799
1623440697404 13 17849
1623440726570 13 17899
1623440756006 13 17949
1623440785178 13 17999
1623440814335 13 18049
1623440843328 13 18099
1623440872641 13 18149
1623440901831 13 18199
1623440931075 13 18249
1623440960163 13 18299
1623440989455 13 18349
1623441018787 13 18399
1623441048091 13 18449
1623441077322 13 18499
1623441106491 13 18549
1623441134178 13 18599
1623441138606 13 18605
1623441253196 13 18605
1623441288897 14 18649
1623441317690 14 18699
1623441346429 14 18749
1623441375289 14 18799
1623441404340 14 18849
1623441433289 14 18899
1623441462041 14 18949
1623441490981 14 18999
1623441519920 14 19049
1623441548880 14 19099
1623441577734 14 19149
1623441606766 14 19199
1623441635920 14 19249
1623441665251 14 19299
1623441694549 14 19349
1623441723773 14 19399
1623441753160 14 19449
1623441782181 14 19499
1623441811187 14 19549
1623441840212 14 19599
1623441869680 14 19649
1623441899131 14 19699
1623441928257 14 19749
1623441957070 14 19799
1623441986078 14 19849
1623442015167 14 19899
1623442034924 14 19934
1623442147796 14 19934
1623442165558 15 19949
1623442194877 15 19999
1623442223750 15 20049
1623442252396 15 20099
1623442281643 15 20149
1623442310577 15 20199
1623442339507 15 20249
1623442368731 15 20299
1623442397660 15 20349
1623442426652 15 20399
1623442455544 15 20449
1623442484466 15 20499
1623442513761 15 20549
1623442543010 15 20599
1623442572285 15 20649
1623442601441 15 20699
1623442630776 15 20749
1623442660021 15 20799
1623442689241 15 20849
1623442718547 15 20899
1623442747683 15 20949
1623442776758 15 20999
1623442806036 15 21049
1623442835635 15 21099
1623442864776 15 21149
1623442894097 15 21199
1623442922492 15 21249
1623442931028 15 21263
1623443044658 15 21263
1623443074821 16 21299
1623443103581 16 21349
1623443132349 16 21399
1623443161028 16 21449
1623443189831 16 21499
1623443218758 16 21549
1623443247782 16 21599
1623443276585 16 21649
1623443305594 16 21699
1623443334235 16 21749
1623443362966 16 21799
1623443391798 16 21849
1623443421149 16 21899
1623443450793 16 21949
1623443479733 16 21999
1623443509188 16 22049
1623443538227 16 22099
1623443567374 16 22149
1623443596495 16 22199
1623443625892 16 22249
1623443655270 16 22299
1623443684324 16 22349
1623443713545 16 22399
1623443742839 16 22449
1623443772210 16 22499
1623443801557 16 22549
1623443826095 16 22592
1623443939871 16 22592
1623443952974 17 22599
1623443982150 17 22649
1623444010795 17 22699
1623444039558 17 22749
1623444068437 17 22799
1623444097585 17 22849
1623444126582 17 22899
1623444155489 17 22949
1623444184486 17 22999
1623444213098 17 23049
1623444241991 17 23099
1623444271073 17 23149
1623444300264 17 23199
1623444329472 17 23249
1623444358500 17 23299
1623444387669 17 23349
1623444416769 17 23399
1623444446214 17 23449
1623444475508 17 23499
1623444504811 17 23549
1623444533897 17 23599
1623444563151 17 23649
1623444592101 17 23699
1623444621436 17 23749
1623444650567 17 23799
1623444679510 17 23849
1623444707992 17 23899
1623444720846 17 23921
1623444836208 17 23921
1623444862505 18 23949
1623444891390 18 23999
1623444919924 18 24049
1623444948733 18 24099
1623444977560 18 24149
1623445006630 18 24199
1623445035802 18 24249
1623445064721 18 24299
1623445093776 18 24349
1623445122782 18 24399
1623445151707 18 24449
1623445180762 18 24499
1623445210174 18 24549
1623445239483 18 24599
1623445268635 18 24649
1623445297839 18 24699
1623445327167 18 24749
1623445356661 18 24799
1623445385451 18 24849
1623445415812 18 24899
1623445445431 18 24949
1623445474920 18 24999
1623445504369 18 25049
1623445533998 18 25099
1623445563311 18 25149
1623445592664 18 25199
1623445619983 18 25249
1623445621706 18 25250
1623445740251 18 25250
1623445778102 19 25299
1623445806601 19 25349
1623445835348 19 25399
1623445864176 19 25449
1623445893208 19 25499
1623445922499 19 25549
1623445951321 19 25599
1623445979932 19 25649
1623446008854 19 25699
1623446037605 19 25749
1623446066471 19 25799
1623446095157 19 25849
1623446124665 19 25899
1623446154009 19 25949
1623446183171 19 25999
1623446212418 19 26049
1623446241625 19 26099
1623446270957 19 26149
1623446300209 19 26199
1623446329365 19 26249
1623446358644 19 26299
1623446387856 19 26349
1623446416867 19 26399
1623446446120 19 26449
1623446475116 19 26499
1623446504213 19 26549
1623446521186 19 26579
1623446641555 19 26579
1623446662007 20 26599
1623446691052 20 26649
1623446719926 20 26699
1623446748752 20 26749
1623446777424 20 26799
1623446806840 20 26849
1623446835927 20 26899
1623446864866 20 26949
1623446893844 20 26999
1623446922840 20 27049
1623446951781 20 27099
1623446980629 20 27149
1623447009980 20 27199
1623447039412 20 27249
1623447068287 20 27299
1623447097254 20 27349
1623447126441 20 27399
1623447155746 20 27449
1623447184937 20 27499
1623447214321 20 27549
1623447243356 20 27599
1623447272905 20 27649
1623447302454 20 27699
1623447332033 20 27749
1623447361064 20 27799
1623447390103 20 27849
1623447417891 20 27899
1623447423908 20 27908
1623447539808 20 27908
1623447572851 21 27949
1623447601636 21 27999
1623447631914 21 28049
1623447660770 21 28099
1623447689849 21 28149
1623447718934 21 28199
1623447748073 21 28249
1623447776876 21 28299
1623447805967 21 28349
1623447834707 21 28399
1623447863565 21 28449
1623447892358 21 28499
1623447921588 21 28549
1623447950806 21 28599
1623447980303 21 28649
1623448009764 21 28699
1623448039128 21 28749
1623448068517 21 28799
1623448097924 21 28849
1623448127037 21 28899
1623448156513 21 28949
1623448185728 21 28999
1623448214967 21 29049
1623448243889 21 29099
1623448273708 21 29149
1623448302768 21 29199
1623448324372 21 29237
1623448439899 21 29237
1623448455970 22 29249
1623448485370 22 29299
1623448514373 22 29349
1623448543333 22 29399
1623448572491 22 29449
1623448601421 22 29499
1623448630520 22 29549
1623448659198 22 29599
1623448688016 22 29649
1623448716788 22 29699
1623448745958 22 29749
1623448774791 22 29799
1623448803737 22 29849
1623448832821 22 29899
1623448862244 22 29949
1623448891596 22 29999
1623448920884 22 30049
1623448949935 22 30099
1623448979760 22 30149
1623449009122 22 30199
1623449038532 22 30249
1623449067833 22 30299
1623449096903 22 30349
1623449126144 22 30399
1623449155042 22 30449
1623449184604 22 30499
1623449213003 22 30549
1623449223134 22 30566
1623449336304 22 30566
1623449364760 23 30599
1623449393617 23 30649
1623449422557 23 30699
1623449451475 23 30749
1623449480426 23 30799
1623449509383 23 30849
1623449538485 23 30899
1623449567558 23 30949
1623449596548 23 30999
1623449625631 23 31049
1623449654274 23 31099
1623449683072 23 31149
1623449712471 23 31199
1623449741488 23 31249
1623449771064 23 31299
1623449800129 23 31349
1623449829397 23 31399
1623449858360 23 31449
1623449887175 23 31499
1623449916625 23 31549
1623449946004 23 31599
1623449975213 23 31649
1623450004052 23 31699
1623450033317 23 31749
1623450062355 23 31799
1623450091860 23 31849
1623450118305 23 31895
1623450230612 23 31895
1623450240305 24 31899
1623450271018 24 31949
1623450299991 24 31999
1623450328697 24 32049
1623450357509 24 32099
1623450386674 24 32149
1623450415798 24 32199
1623450444952 24 32249
1623450474123 24 32299
1623450503010 24 32349
1623450531896 24 32399
1623450560864 24 32449
1623450589695 24 32499
1623450618868 24 32549
1623450648426 24 32599
1623450677743 24 32649
1623450706795 24 32699
1623450735990 24 32749
1623450765121 24 32799
1623450794572 24 32849
1623450823613 24 32899
1623450853098 24 32949
1623450882490 24 32999
1623450911874 24 33049
1623450941234 24 33099
1623450970740 24 33149
1623450999554 24 33199
1623451013920 24 33224
1623451126810 24 33224
1623451150508 25 33249
1623451179209 25 33299
1623451207790 25 33349
1623451236785 25 33399
1623451265645 25 33449
1623451294495 25 33499
1623451323355 25 33549
1623451352391 25 33599
1623451381131 25 33649
1623451410136 25 33699
1623451439051 25 33749
1623451468115 25 33799
1623451497342 25 33849
1623451526770 25 33899
1623451555818 25 33949
1623451585282 25 33999
1623451614565 25 34049
1623451643862 25 34099
1623451673295 25 34149
1623451702625 25 34199
1623451731865 25 34249
1623451761166 25 34299
1623451790788 25 34349
1623451819697 25 34399
1623451849217 25 34449
1623451878528 25 34499
1623451906021 25 34549
1623451909433 25 34553
1623452032808 25 34553
1623452068591 26 34599
1623452097553 26 34649
1623452126243 26 34699
1623452155397 26 34749
1623452184429 26 34799
1623452213398 26 34849
1623452242455 26 34899
1623452271168 26 34949
1623452299944 26 34999
1623452329150 26 35049
1623452358181 26 35099
1623452387023 26 35149
1623452416504 26 35199
1623452445772 26 35249
1623452474653 26 35299
1623452503777 26 35349
1623452533141 26 35399
1623452562635 26 35449
1623452591922 26 35499
1623452621279 26 35549
1623452650620 26 35599
1623452680152 26 35649
1623452709739 26 35699
1623452738782 26 35749
1623452768013 26 35799
1623452797085 26 35849
1623452815716 26 35882
1623452932228 26 35882
1623452951827 27 35899
1623452980998 27 35949
1623453009846 27 35999
1623453038933 27 36049
1623453068014 27 36099
1623453097113 27 36149
1623453126080 27 36199
1623453154967 27 36249
1623453184056 27 36299
1623453212911 27 36349
1623453241843 27 36399
1623453270574 27 36449
1623453299726 27 36499
1623453328876 27 36549
1623453358083 27 36599
1623453387153 27 36649
1623453416614 27 36699
1623453445618 27 36749
1623453474934 27 36799
1623453503820 27 36849
1623453533319 27 36899
1623453562389 27 36949
1623453591608 27 36999
1623453621172 27 37049
1623453650477 27 37099
1623453679799 27 37149
1623453707805 27 37199
1623453715360 27 37211
1623453840470 27 37211
1623453871750 28 37249
1623453900483 28 37299
1623453929320 28 37349
1623453958003 28 37399
1623453986753 28 37449
1623454015598 28 37499
1623454044553 28 37549
1623454073464 28 37599
1623454102199 28 37649
1623454130894 28 37699
1623454159707 28 37749
1623454188602 28 37799
1623454217520 28 37849
1623454246808 28 37899
1623454276040 28 37949
1623454304857 28 37999
1623454333708 28 38049
1623454362790 28 38099
1623454392085 28 38149
1623454421274 28 38199
1623454450432 28 38249
1623454479122 28 38299
1623454508362 28 38349
1623454537315 28 38399
1623454566292 28 38449
1623454595681 28 38499
1623454618966 28 38540
1623454730921 28 38540
1623454742444 29 38549
1623454775373 29 38599
1623454803893 29 38649
1623454832624 29 38699
1623454861151 29 38749
1623454890200 29 38799
1623454919388 29 38849
1623454948328 29 38899
1623454977295 29 38949
1623455005795 29 38999
1623455034765 29 39049
1623455063688 29 39099
1623455092312 29 39149
1623455121292 29 39199
1623455150687 29 39249
1623455179815 29 39299
1623455208910 29 39349
1623455237808 29 39399
1623455266947 29 39449
1623455296067 29 39499
1623455325410 29 39549
1623455354424 29 39599
1623455383645 29 39649
1623455412979 29 39699
1623455442263 29 39749
1623455471348 29 39799
1623455499803 29 39849
1623455511569 29 39869
1623455623612 29 39869
1623455651037 30 39899
1623455679491 30 39949
1623455708127 30 39999
1623455736739 30 40049
1623455765494 30 40099
1623455794315 30 40149
1623455823221 30 40199
1623455852089 30 40249
1623455881224 30 40299
1623455910051 30 40349
1623455938959 30 40399
1623455967562 30 40449
1623455996733 30 40499
1623456025729 30 40549
1623456054933 30 40599
1623456083927 30 40649
1623456112935 30 40699
1623456141848 30 40749
1623456171310 30 40799
1623456200541 30 40849
1623456229992 30 40899
1623456259250 30 40949
1623456288087 30 40999
1623456317165 30 41049
1623456346272 30 41099
1623456375606 30 41149
1623456403528 30 41198
1623456521958 30 41198
1623456529395 31 41199
1623456560347 31 41249
1623456589245 31 41299
1623456618011 31 41349
1623456646666 31 41399
1623456675498 31 41449
1623456704355 31 41499
1623456733174 31 41549
1623456762160 31 41599
1623456791113 31 41649
1623456820048 31 41699
1623456849132 31 41749
1623456877776 31 41799
1623456906725 31 41849
1623456935986 31 41899
1623456965117 31 41949
1623456994261 31 41999
1623457023457 31 42049
1623457052581 31 42099
1623457081573 31 42149
1623457110710 31 42199
1623457139705 31 42249
1623457169049 31 42299
1623457198091 31 42349
1623457227303 31 42399
1623457256691 31 42449
1623457285923 31 42499
1623457301887 31 42527
1623457421013 31 42527
1623457442777 32 42549
1623457471226 32 42599
1623457499762 32 42649
1623457528578 32 42699
1623457557196 32 42749
1623457586307 32 42799
1623457615202 32 42849
1623457644403 32 42899
1623457673224 32 42949
1623457702224 32 42999
1623457730793 32 43049
1623457759856 32 43099
1623457788928 32 43149
1623457818093 32 43199
1623457847367 32 43249
1623457876590 32 43299
1623457906030 32 43349
1623457935076 32 43399
1623457963999 32 43449
1623457993154 32 43499
1623458022370 32 43549
1623458051663 32 43599
1623458080532 32 43649
1623458109774 32 43699
1623458138882 32 43749
1623458168095 32 43799
1623458196148 32 43849
1623458201060 32 43856
1623458314236 32 43856
1623458348278 33 43899
1623458376569 33 43949
1623458405144 33 43999
1623458433895 33 44049
1623458462531 33 44099
1623458491477 33 44149
1623458520428 33 44199
1623458549109 33 44249
1623458577481 33 44299
1623458606423 33 44349
1623458635310 33 44399
1623458664080 33 44449
1623458693148 33 44499
1623458722219 33 44549
1623458751214 33 44599
1623458780518 33 44649
1623458809627 33 44699
1623458838397 33 44749
1623458867567 33 44799
1623458896941 33 44849
1623458925859 33 44899
1623458955170 33 44949
1623458984451 33 44999
1623459013481 33 45049
1623459042468 33 45099
1623459071259 33 45149
1623459091749 33 45185
1623459207392 33 45185
1623459224582 34 45199
1623459253626 34 45249
1623459282565 34 45299
1623459311036 34 45349
1623459340013 34 45399
1623459368640 34 45449
1623459397636 34 45499
1623459426379 34 45549
1623459455254 34 45599
1623459483945 34 45649
1623459512606 34 45699
1623459541276 34 45749
1623459570459 34 45799
1623459599950 34 45849
1623459628891 34 45899
1623459658214 34 45949
1623459687297 34 45999
1623459716539 34 46049
1623459745658 34 46099
1623459774813 34 46149
1623459803997 34 46199
1623459832834 34 46249
1623459862176 34 46299
1623459891174 34 46349
1623459920177 34 46399
1623459949349 34 46449
1623459977735 34 46499
1623459986888 34 46514
1623460100150 34 46514
1623460130001 35 46549
1623460158658 35 46599
1623460187469 35 46649
1623460216061 35 46699
1623460244797 35 46749
1623460273664 35 46799
1623460302778 35 46849
1623460331704 35 46899
1623460360636 35 46949
1623460389478 35 46999
1623460418078 35 47049
1623460446851 35 47099
1623460475763 35 47149
1623460505042 35 47199
1623460533998 35 47249
1623460563105 35 47299
1623460591937 35 47349
1623460620879 35 47399
1623460650273 35 47449
1623460679546 35 47499
1623460708797 35 47549
1623460737827 35 47599
1623460767370 35 47649
1623460796569 35 47699
1623460826079 35 47749
1623460855406 35 47799
1623460881253 35 47843
1623460994688 35 47843
1623461006020 36 47849
1623461035527 36 47899
1623461063963 36 47949
1623461092813 36 47999
1623461121289 36 48049
1623461150184 36 48099
1623461179031 36 48149
1623461208154 36 48199
1623461237145 36 48249
1623461266043 36 48299
1623461294682 36 48349
1623461323137 36 48399
1623461352026 36 48449
1623461381008 36 48499
1623461410163 36 48549
1623461439205 36 48599
1623461468069 36 48649
1623461497489 36 48699
1623461526387 36 48749
1623461555638 36 48799
1623461584557 36 48849
1623461613549 36 48899
1623461642548 36 48949
1623461671489 36 48999
1623461700386 36 49049
1623461729363 36 49099
1623461757783 36 49149
1623461771127 36 49172
1623461882546 36 49172
1623461907150 37 49199
1623461935573 37 49249
1623461964118 37 49299
1623461992678 37 49349
1623462021062 37 49399
1623462049869 37 49449
1623462078848 37 49499
1623462107617 37 49549
1623462136293 37 49599
1623462165197 37 49649
1623462193847 37 49699
1623462222408 37 49749
1623462251389 37 49799
1623462280426 37 49849
1623462309569 37 49899
1623462338898 37 49949
1623462367940 37 49999
1623462396959 37 50049
1623462426053 37 50099
1623462455244 37 50149
1623462484463 37 50199
1623462513662 37 50249
1623462542385 37 50299
1623462571198 37 50349
1623462600078 37 50399
1623462629343 37 50449
1623462656701 37 50499
1623462658971 37 50501
1623462777635 37 50501
1623462814358 38 50549
1623462842995 38 50599
1623462871383 38 50649
1623462900305 38 50699
1623462929006 38 50749
1623462958185 38 50799
1623462986818 38 50849
1623463015736 38 50899
1623463044329 38 50949
1623463073276 38 50999
1623463101965 38 51049
1623463130493 38 51099
1623463159569 38 51149
1623463188822 38 51199
1623463217688 38 51249
1623463246718 38 51299
1623463275921 38 51349
1623463305004 38 51399
1623463334123 38 51449
1623463363287 38 51499
1623463392322 38 51549
1623463421375 38 51599
1623463450488 38 51649
1623463479350 38 51699
1623463508408 38 51749
1623463537322 38 51799
1623463554854 38 51830
1623463668399 38 51830
1623463688813 39 51849
1623463717612 39 51899
1623463746324 39 51949
1623463774909 39 51999
1623463803302 39 52049
1623463831961 39 52099
1623463860831 39 52149
1623463889962 39 52199
1623463918469 39 52249
1623463947039 39 52299
1623463975899 39 52349
1623464004547 39 52399
1623464033246 39 52449
1623464062047 39 52499
1623464091163 39 52549
1623464120136 39 52599
1623464149176 39 52649
1623464178291 39 52699
1623464207481 39 52749
1623464236666 39 52799
1623464266018 39 52849
1623464295082 39 52899
1623464324119 39 52949
1623464353143 39 52999
1623464382135 39 53049
1623464410974 39 53099
1623464438894 39 53149
1623464445383 39 53159
1623464566481 39 53159
1623464598684 40 53199
1623464628076 40 53249
1623464656525 40 53299
1623464685031 40 53349
1623464713540 40 53399
1623464742280 40 53449
1623464771011 40 53499
1623464799763 40 53549
1623464828297 40 53599
1623464856993 40 53649
1623464886035 40 53699
1623464914904 40 53749
1623464943926 40 53799
1623464972917 40 53849
1623465001986 40 53899
1623465031366 40 53949
1623465060494 40 53999
1623465089620 40 54049
1623465118375 40 54099
1623465147462 40 54149
1623465176468 40 54199
1623465205556 40 54249
1623465234677 40 54299
1623465263838 40 54349
1623465292892 40 54399
1623465321972 40 54449
1623465344045 40 54488
1623465467347 40 54488
1623465482917 41 54499
1623465511302 41 54549
1623465539969 41 54599
1623465568727 41 54649
1623465597397 41 54699
1623465626023 41 54749
1623465654749 41 54799
1623465683706 41 54849
1623465712653 41 54899
1623465741164 41 54949
1623465769933 41 54999
1623465798656 41 55049
1623465827396 41 55099
1623465856369 41 55149
1623465885447 41 55199
1623465914420 41 55249
1623465943663 41 55299
1623465972904 41 55349
1623466002113 41 55399
1623466031076 41 55449
1623466060080 41 55499
1623466089151 41 55549
1623466118202 41 55599
1623466147135 41 55649
1623466176092 41 55699
1623466205298 41 55749
1623466233546 41 55799
1623466244304 41 55817
1623466356007 41 55817
1623466384026 42 55849
1623466412483 42 55899
1623466441145 42 55949
1623466469802 42 55999
1623466498726 42 56049
1623466527501 42 56099
1623466556273 42 56149
1623466585250 42 56199
1623466614158 42 56249
1623466642634 42 56299
1623466671442 42 56349
1623466700065 42 56399
1623466728965 42 56449
1623466758041 42 56499
1623466787161 42 56549
1623466815899 42 56599
1623466845028 42 56649
1623466874219 42 56699
1623466903358 42 56749
1623466932681 42 56799
1623466961670 42 56849
1623466990748 42 56899
1623467019677 42 56949
1623467048860 42 56999
1623467077852 42 57049
1623467107003 42 57099
1623467133907 42 57146
1623467245653 42 57146
1623467255122 43 57149
1623467285270 43 57199
1623467313595 43 57249
1623467342284 43 57299
1623467371024 43 57349
1623467399854 43 57399
1623467428961 43 57449
1623467457664 43 57499
1623467486386 43 57549
1623467515240 43 57599
1623467543949 43 57649
1623467572794 43 57699
1623467601444 43 57749
1623467630065 43 57799
1623467659314 43 57849
1623467688365 43 57899
1623467717245 43 57949
1623467746265 43 57999
1623467775327 43 58049
1623467804498 43 58099
1623467833595 43 58149
1623467862664 43 58199
1623467891769 43 58249
1623467920293 43 58299
1623467949220 43 58349
1623467978123 43 58399
1623468006935 43 58449
1623468021881 43 58475
1623468133711 43 58475
1623468155896 44 58499
1623468186103 44 58549
1623468214667 44 58599
1623468243583 44 58649
1623468272373 44 58699
1623468301091 44 58749
1623468329812 44 58799
1623468358685 44 58849
1623468387517 44 58899
1623468416288 44 58949
1623468445200 44 58999
1623468473863 44 59049
1623468502630 44 59099
1623468531639 44 59149
1623468560793 44 59199
1623468589686 44 59249
1623468618945 44 59299
1623468647392 44 59349
1623468676338 44 59399
1623468705510 44 59449
1623468734544 44 59499
1623468763607 44 59549
1623468792834 44 59599
1623468821802 44 59649
1623468850797 44 59699
1623468880014 44 59749
1623468907510 44 59799
1623468911467 44 59804
1623469022799 44 59804
1623469057861 45 59849
1623469086330 45 59899
1623469114994 45 59949
1623469143854 45 59999
1623469172698 45 60049
1623469201497 45 60099
1623469230420 45 60149
1623469259618 45 60199
1623469288359 45 60249
1623469317199 45 60299
1623469345919 45 60349
1623469374891 45 60399
1623469403918 45 60449
1623469433232 45 60499
1623469462223 45 60549
1623469491233 45 60599
1623469520296 45 60649
1623469549111 45 60699
1623469578014 45 60749
1623469607208 45 60799
1623469636151 45 60849
1623469664707 45 60899
1623469693668 45 60949
1623469722507 45 60999
1623469751615 45 61049
1623469780569 45 61099
1623469799846 45 61133
1623469915360 45 61133
1623469933964 46 61149
1623469962652 46 61199
1623469991210 46 61249
1623470019805 46 61299
1623470048479 46 61349
1623470077410 46 61399
1623470106312 46 61449
1623470135206 46 61499
1623470163870 46 61549
1623470192563 46 61599
1623470221588 46 61649
1623470250093 46 61699
1623470279224 46 61749
1623470308191 46 61799
1623470337168 46 61849
1623470366125 46 61899
1623470395303 46 61949
1623470424592 46 61999
1623470453560 46 62049
1623470482442 46 62099
1623470511226 46 62149
1623470540178 46 62199
1623470569232 46 62249
1623470598269 46 62299
1623470627353 46 62349
1623470656221 46 62399
1623470684093 46 62449
1623470692380 46 62462
1623470815854 46 62462
1623470846599 47 62499
1623470875102 47 62549
1623470903773 47 62599
1623470932396 47 62649
1623470960932 47 62699
1623470989757 47 62749
1623471018748 47 62799
1623471047370 47 62849
1623471076300 47 62899
1623471105244 47 62949
1623471133815 47 62999
1623471162562 47 63049
1623471191450 47 63099
1623471220950 47 63149
1623471249947 47 63199
1623471279001 47 63249
1623471308264 47 63299
1623471337188 47 63349
1623471366506 47 63399
1623471395821 47 63449
1623471424995 47 63499
1623471453933 47 63549
1623471482993 47 63599
1623471512096 47 63649
1623471541184 47 63699
1623471570131 47 63749
1623471594047 47 63791
1623471709155 47 63791
1623471720799 48 63799
1623471752174 48 63849
1623471780860 48 63899
1623471809700 48 63949
1623471838420 48 63999
1623471867457 48 64049
1623471896415 48 64099
1623471925284 48 64149
1623471954107 48 64199
1623471982635 48 64249
1623472011436 48 64299
1623472040265 48 64349
1623472069232 48 64399
1623472098290 48 64449
1623472127298 48 64499
1623472156265 48 64549
1623472185099 48 64599
1623472214581 48 64649
1623472243526 48 64699
1623472272552 48 64749
1623472301569 48 64799
1623472330721 48 64849
1623472359516 48 64899
1623472388595 48 64949
1623472417650 48 64999
1623472446978 48 65049
1623472475834 48 65099
1623472488180 48 65120
1623472608512 48 65120
1623472634507 49 65149
1623472662796 49 65199
1623472691426 49 65249
1623472720095 49 65299
1623472748901 49 65349
1623472777604 49 65399
1623472806406 49 65449
1623472835445 49 65499
1623472864278 49 65549
1623472893044 49 65599
1623472921900 49 65649
1623472950849 49 65699
1623472980186 49 65749
1623473009487 49 65799
1623473038561 49 65849
1623473067680 49 65899
1623473096650 49 65949
1623473126080 49 65999
1623473155473 49 66049
1623473184194 49 66099
1623473213515 49 66149
1623473242623 49 66199
1623473271636 49 66249
1623473300991 49 66299
1623473330009 49 66349
1623473359251 49 66399
1623473387792 49 66449
1623473388367 49 66449
1623473509841 49 66449
