1623428755469 0.001 0
1623429641985 0.0009990133642141358 1329
1623430534672 0.000996057350657239 2658
1623431422736 0.0009911436253643444 3987
1623432307522 0.0009842915805643156 5316
1623433201303 0.0009755282581475769 6645
1623434095986 0.0009648882429441258 7974
1623434981457 0.0009524135262330099 9303
1623435867311 0.0009381533400219318 10632
1623436754146 0.0009221639627510075 11961
1623437648536 0.0009045084971874736 13290
1623438548765 0.0008852566213878945 14619
1623439448353 0.0008644843137107056 15948
1623440356585 0.0008422735529643443 17277
1623441253206 0.0008187119948743448 18606
1623442147802 0.0007938926261462366 19935
1623443044668 0.0007679133974894982 21264
1623443939882 0.0007408768370508576 22593
1623444836221 0.0007128896457825362 23922
1623445740263 0.0006840622763423389 25251
1623446641560 0.0006545084971874735 26580
1623447539819 0.0006243449435824271 27909
1623448439911 0.0005936906572928622 29238
1623449336316 0.000562666616782152 30567
1623450230642 0.0005313952597646566 31896
1623451126815 0.0004999999999999998 33225
1623452032820 0.00046860474023534314 34554
1623452932239 0.00043733338321784774 35883
1623453840482 0.00040630934270713756 37212
1623454730933 0.00037565505641757246 38541
1623455623617 0.00034549150281252633 39870
1623456521970 0.00031593772365766105 41199
1623457421026 0.00028711035421746355 42528
1623458314247 0.0002591231629491422 43857
1623459207405 0.00023208660251050145 45186
1623460100155 0.00020610737385376337 46515
1623460994701 0.00018128800512565502 47844
1623461882559 0.00015772644703565555 49173
1623462777647 0.00013551568628929425 50502
1623463668412 0.00011474337861210535 51831
1623464566487 9.549150281252626e-05 53160
1623465467360 7.783603724899252e-05 54489
1623466356018 6.184665997806817e-05 55818
1623467245664 4.7586473766990294e-05 57147
1623468133723 3.5111757055874305e-05 58476
1623469022804 2.4471741852423218e-05 59805
1623469915373 1.5708419435684507e-05 61134
1623470815865 8.856374635655634e-06 62463
1623471709167 3.942649342761115e-06 63792
1623472608525 9.866357858642198e-07 65121
