1623429529723 0.6741429567337036 1328
1623429641877 0.6741429567337036 0
1623430415104 0.6440557241439819 2657
1623430534596 0.6440557241439819 1
1623431310383 0.6081222295761108 3986
1623431422643 0.6081222295761108 2
1623432197717 0.5742394924163818 5315
1623432307444 0.5742394924163818 3
1623433082404 0.5472590923309326 6644
1623433201084 0.5472590923309326 4
1623433974997 0.521790087223053 7973
1623434095911 0.521790087223053 5
1623434871067 0.5034592747688293 9302
1623434981354 0.5034592747688293 6
1623435755595 0.49008119106292725 10631
1623435867235 0.49008119106292725 7
1623436642035 0.48087018728256226 11960
1623436754043 0.48087018728256226 8
1623437530785 0.46970486640930176 13289
1623437648249 0.46970486640930176 9
1623438429773 0.4676625430583954 14618
1623438548666 0.4676625430583954 10
1623439327652 0.4590747654438019 15947
1623439448276 0.4590747654438019 11
1623440233638 0.4545319378376007 17276
1623440356489 0.4545319378376007 12
1623441138606 0.4495126008987427 18605
1623441252936 0.4495126008987427 13
1623442034924 0.4468459486961365 19934
1623442147566 0.4468459486961365 14
1623442931028 0.4424385130405426 21263
1623443044563 0.4424385130405426 15
1623443826095 0.4420713782310486 22592
1623443939786 0.4420713782310486 16
1623444720846 0.4377601444721222 23921
1623444836144 0.4377601444721222 17
1623445621706 0.4319645166397095 25250
1623445740164 0.4319645166397095 18
1623446521186 0.4297828674316406 26579
1623446641339 0.4297828674316406 19
1623447423908 0.42874664068222046 27908
1623447539539 0.42874664068222046 20
1623448324372 0.4230174720287323 29237
1623448439833 0.4230174720287323 21
1623449223134 0.4233376979827881 30566
1623449336218 0.4233376979827881 22
1623450118305 0.4205648899078369 31895
1623450230528 0.4205648899078369 23
1623451013920 0.41753455996513367 33224
1623451126546 0.41753455996513367 24
1623451909433 0.4130691587924957 34553
1623452032743 0.4130691587924957 25
1623452815716 0.41156724095344543 35882
1623452932143 0.41156724095344543 26
1623453715360 0.40980929136276245 37211
1623453840402 0.40980929136276245 27
1623454618966 0.40556347370147705 38540
1623454730836 0.40556347370147705 28
1623455511569 0.40776175260543823 39869
1623455623400 0.40776175260543823 29
1623456403528 0.40362298488616943 41198
1623456521881 0.40362298488616943 30
1623457301887 0.4035983383655548 42527
1623457420955 0.4035983383655548 31
1623458201060 0.400956392288208 43856
1623458314154 0.400956392288208 32
1623459091749 0.4009730815887451 45185
1623459207325 0.4009730815887451 33
1623459986888 0.3959182798862457 46514
1623460099936 0.3959182798862457 34
1623460881253 0.39631158113479614 47843
1623460994591 0.39631158113479614 35
1623461771127 0.39238157868385315 49172
1623461882469 0.39238157868385315 36
1623462658971 0.38898077607154846 50501
1623462777573 0.38898077607154846 37
1623463554854 0.38748040795326233 51830
1623463668319 0.38748040795326233 38
1623464445383 0.38454869389533997 53159
1623464566285 0.38454869389533997 39
1623465344045 0.3848228454589844 54488
1623465467263 0.3848228454589844 40
1623466244304 0.38078033924102783 55817
1623466355940 0.38078033924102783 41
1623467133907 0.3784257173538208 57146
1623467245576 0.3784257173538208 42
1623468021881 0.3788408637046814 58475
1623468133647 0.3788408637046814 43
1623468911467 0.3768335282802582 59804
1623469022568 0.3768335282802582 44
1623469799846 0.37930426001548767 61133
1623469915297 0.37930426001548767 45
1623470692380 0.3781031370162964 62462
1623470815775 0.3781031370162964 46
1623471594047 0.3791992962360382 63791
1623471709087 0.3791992962360382 47
1623472488180 0.37634196877479553 65120
1623472608432 0.37634196877479553 48
1623473388367 0.37462279200553894 66449
1623473509545 0.37462279200553894 49
