1623428793577 0.6930227279663086 49
1623428822425 0.6938537359237671 99
1623428850964 0.6879806518554688 149
1623428879429 0.6915826797485352 199
1623428907990 0.6695626974105835 249
1623428936732 0.6782122850418091 299
1623428965402 0.6692110896110535 349
1623428993977 0.6906390190124512 399
1623429022515 0.7071951627731323 449
1623429051552 0.665734052658081 499
1623429080113 0.6483268737792969 549
1623429109269 0.6663539409637451 599
1623429138086 0.6703002452850342 649
1623429166793 0.7001969814300537 699
1623429195865 0.7043351531028748 749
1623429224904 0.6668672561645508 799
1623429253894 0.6663616895675659 849
1623429282975 0.6768902540206909 899
1623429311733 0.6475860476493835 949
1623429340488 0.6638203263282776 999
1623429369290 0.6430216431617737 1049
1623429398647 0.6407772302627563 1099
1623429427204 0.6456781625747681 1149
1623429456027 0.6305518746376038 1199
1623429484919 0.6691508293151855 1249
1623429513720 0.7088687419891357 1299
1623429641877 0.6877235174179077 0
1623429662685 0.6789517998695374 1349
1623429691247 0.6191704273223877 1399
1623429719432 0.6325383186340332 1449
1623429747941 0.6217286586761475 1499
1623429776739 0.6582921743392944 1549
1623429805251 0.6285117864608765 1599
1623429834210 0.6928360462188721 1649
1623429862845 0.5985552072525024 1699
1623429891485 0.654802680015564 1749
1623429919964 0.6770868301391602 1799
1623429948628 0.6405590176582336 1849
1623429977208 0.668716311454773 1899
1623430005996 0.6071900725364685 1949
1623430034981 0.642067551612854 1999
1623430063566 0.6345133185386658 2049
1623430092582 0.7165775299072266 2099
1623430121378 0.6565434336662292 2149
1623430150631 0.6112614870071411 2199
1623430179944 0.6475311517715454 2249
1623430209069 0.6517796516418457 2299
1623430238090 0.6344199180603027 2349
1623430266896 0.6163815259933472 2399
1623430295843 0.5898203253746033 2449
1623430324641 0.7155419588088989 2499
1623430353499 0.6759916543960571 2549
1623430382548 0.6384804844856262 2599
1623430410055 0.6465667486190796 2649
1623430534596 0.6891536116600037 1
1623430567809 0.564045786857605 2699
1623430596132 0.6504843235015869 2749
1623430624766 0.5855265855789185 2799
1623430653150 0.5514712333679199 2849
1623430681945 0.5855962634086609 2899
1623430710960 0.5991503000259399 2949
1623430739842 0.6229493618011475 2999
1623430768757 0.6518399715423584 3049
1623430797310 0.6373112201690674 3099
1623430825931 0.5196918249130249 3149
1623430854769 0.6135532855987549 3199
1623430883531 0.6039884090423584 3249
1623430912588 0.6923922300338745 3299
1623430941953 0.7768552899360657 3349
1623430970843 0.5535183548927307 3399
1623430999760 0.5375145673751831 3449
1623431028885 0.5737062096595764 3499
1623431057811 0.5395528078079224 3549
1623431086950 0.5880309343338013 3599
1623431115772 0.5698540210723877 3649
1623431144867 0.6790659427642822 3699
1623431173921 0.6435976028442383 3749
1623431202907 0.5924038887023926 3799
1623431231820 0.6227284669876099 3849
1623431260708 0.5817954540252686 3899
1623431289457 0.5314126014709473 3949
1623431422643 0.5511932373046875 2
1623431438065 0.5417199730873108 3999
1623431468276 0.5352692604064941 4049
1623431496679 0.5768606662750244 4099
1623431525055 0.6473935842514038 4149
1623431554168 0.5796981453895569 4199
1623431582749 0.5875318050384521 4249
1623431611593 0.5636174082756042 4299
1623431640330 0.6062716245651245 4349
1623431669078 0.5416415333747864 4399
1623431697615 0.5730063915252686 4449
1623431725963 0.6256024241447449 4499
1623431754559 0.644508957862854 4549
1623431783396 0.5184987187385559 4599
1623431812453 0.5765308141708374 4649
1623431841253 0.5888389348983765 4699
1623431870664 0.531721830368042 4749
1623431899611 0.543734073638916 4799
1623431928293 0.4692779779434204 4849
1623431957404 0.642045259475708 4899
1623431986551 0.5770891904830933 4949
1623432015488 0.6031841039657593 4999
1623432044350 0.5432970523834229 5049
1623432073233 0.5361580848693848 5099
1623432102135 0.4836011528968811 5149
1623432131203 0.581891655921936 5199
1623432160307 0.5641552209854126 5249
1623432188354 0.6597844362258911 5299
1623432307444 0.45461440086364746 3
1623432335658 0.5814172625541687 5349
1623432366197 0.5704728364944458 5399
1623432394518 0.5514132976531982 5449
1623432422860 0.5814612507820129 5499
1623432451547 0.5179135799407959 5549
1623432480003 0.5588334798812866 5599
1623432508760 0.4677320122718811 5649
1623432537382 0.5531753301620483 5699
1623432566211 0.6081228256225586 5749
1623432594647 0.6103798151016235 5799
1623432622959 0.5377229452133179 5849
1623432651748 0.541081428527832 5899
1623432680677 0.4913937449455261 5949
1623432709388 0.5777015089988708 5999
1623432738273 0.4630892872810364 6049
1623432767337 0.5216622352600098 6099
1623432796180 0.5359650254249573 6149
1623432825093 0.5203126668930054 6199
1623432853791 0.5579982995986938 6249
1623432882845 0.4915778636932373 6299
1623432911592 0.5336347222328186 6349
1623432940602 0.5303629636764526 6399
1623432969531 0.5322451591491699 6449
1623432998924 0.4865293502807617 6499
1623433027942 0.6201959848403931 6549
1623433057104 0.5471780300140381 6599
1623433201084 0.7915676832199097 4
1623433212798 0.5838718414306641 6649
1623433241792 0.5229790806770325 6699
1623433270386 0.44685623049736023 6749
1623433298919 0.5042023062705994 6799
1623433327349 0.5637613534927368 6849
1623433356214 0.5216960906982422 6899
1623433385018 0.5248113870620728 6949
1623433413709 0.591771125793457 6999
1623433442474 0.5502156019210815 7049
1623433471316 0.5379235148429871 7099
1623433499741 0.5316766500473022 7149
1623433528572 0.5029135346412659 7199
1623433557138 0.4757828116416931 7249
1623433586117 0.5100675821304321 7299
1623433615139 0.5196494460105896 7349
1623433644128 0.5017794966697693 7399
1623433673112 0.5524497032165527 7449
1623433702149 0.5146065950393677 7499
1623433730932 0.5218589305877686 7549
1623433759813 0.45694148540496826 7599
1623433788841 0.5006307363510132 7649
1623433817692 0.513249397277832 7699
1623433846655 0.5223143100738525 7749
1623433875271 0.5291054844856262 7799
1623433904290 0.5686152577400208 7849
1623433932785 0.5921370387077332 7899
1623433961394 0.43983298540115356 7949
1623434095911 0.4478304386138916 5
1623434120080 0.5064327716827393 7999
1623434148618 0.5450754761695862 8049
1623434177451 0.4621017277240753 8099
1623434205999 0.5142791867256165 8149
1623434234637 0.524375319480896 8199
1623434263210 0.5470631122589111 8249
1623434292065 0.4611237049102783 8299
1623434321032 0.46639174222946167 8349
1623434349751 0.47632861137390137 8399
1623434378232 0.5159609913825989 8449
1623434406981 0.5043196678161621 8499
1623434435696 0.5841874480247498 8549
1623434464392 0.5274725556373596 8599
1623434493195 0.45727089047431946 8649
1623434522180 0.5534036159515381 8699
1623434551325 0.501589834690094 8749
1623434580420 0.546166181564331 8799
1623434609022 0.4904966950416565 8849
1623434638064 0.5155521631240845 8899
1623434667358 0.5575606226921082 8949
1623434696272 0.5226696729660034 8999
1623434725147 0.5223641991615295 9049
1623434754028 0.47458964586257935 9099
1623434782831 0.470034658908844 9149
1623434811844 0.4772546589374542 9199
1623434840949 0.46713459491729736 9249
1623434868475 0.46185460686683655 9299
1623434981354 0.5848208069801331 6
1623435018068 0.47915464639663696 9349
1623435046889 0.4810810089111328 9399
1623435075539 0.43413275480270386 9449
1623435104245 0.5396326780319214 9499
1623435132636 0.44962090253829956 9549
1623435161520 0.4969126582145691 9599
1623435190098 0.5130184888839722 9649
1623435218802 0.49243009090423584 9699
1623435247363 0.43441930413246155 9749
1623435276084 0.5754904747009277 9799
1623435304511 0.5475931167602539 9849
1623435333026 0.5660510659217834 9899
1623435362161 0.4866621196269989 9949
1623435391232 0.5208001732826233 9999
1623435420107 0.44756945967674255 10049
1623435448975 0.425078809261322 10099
1623435477789 0.47127968072891235 10149
1623435506944 0.40888887643814087 10199
1623435535743 0.5134991407394409 10249
1623435564712 0.4621535539627075 10299
1623435593596 0.4982721209526062 10349
1623435622420 0.4919145703315735 10399
1623435651020 0.45845451951026917 10449
1623435680301 0.4343211054801941 10499
1623435708844 0.4813089072704315 10549
1623435737742 0.5154236555099487 10599
1623435867235 0.5529998540878296 7
1623435886785 0.5271619558334351 10649
1623435915227 0.5340983867645264 10699
1623435943969 0.516812801361084 10749
1623435972387 0.5014467239379883 10799
1623436001040 0.5263287425041199 10849
1623436030021 0.4379897713661194 10899
1623436058453 0.4342235028743744 10949
1623436087135 0.5038996934890747 10999
1623436115761 0.6225545406341553 11049
1623436144404 0.448461651802063 11099
1623436173166 0.5228328108787537 11149
1623436201644 0.39654257893562317 11199
1623436230323 0.51201331615448 11249
1623436259177 0.3942530155181885 11299
1623436288231 0.45407289266586304 11349
1623436317263 0.4243934154510498 11399
1623436346004 0.4878654479980469 11449
1623436375165 0.45491689443588257 11499
1623436404056 0.4522024393081665 11549
1623436432810 0.4483090341091156 11599
1623436461566 0.41185304522514343 11649
1623436490583 0.4940047860145569 11699
1623436519752 0.4015941321849823 11749
1623436548796 0.4337225556373596 11799
1623436578017 0.4398748278617859 11849
1623436607159 0.47813737392425537 11899
1623436634964 0.5150133371353149 11949
1623436754043 0.46833157539367676 8
1623436785776 0.46302857995033264 11999
1623436814386 0.4472067058086395 12049
1623436843059 0.5056377649307251 12099
1623436871809 0.49224981665611267 12149
1623436900486 0.4585988521575928 12199
1623436929369 0.5325981378555298 12249
1623436958349 0.5166982412338257 12299
1623436986974 0.4680623412132263 12349
1623437015760 0.4623040556907654 12399
1623437044739 0.43496376276016235 12449
1623437073291 0.502747654914856 12499
1623437102157 0.4718815088272095 12549
1623437131012 0.5030091404914856 12599
1623437160010 0.5123735666275024 12649
1623437188977 0.4474413990974426 12699
1623437217826 0.5458234548568726 12749
1623437246752 0.4572793245315552 12799
1623437275652 0.4349387288093567 12849
1623437304725 0.3990313410758972 12899
1623437334060 0.45170193910598755 12949
1623437363413 0.39267608523368835 12999
1623437392394 0.40954577922821045 13049
1623437421346 0.4314935803413391 13099
1623437450263 0.4888150691986084 13149
1623437479163 0.4520816504955292 13199
1623437508080 0.42489978671073914 13249
1623437648249 0.649258017539978 9
1623437663636 0.48729515075683594 13299
1623437692269 0.4434739351272583 13349
1623437720825 0.44874677062034607 13399
1623437749287 0.5466431975364685 13449
1623437777873 0.5731680393218994 13499
1623437806159 0.5123815536499023 13549
1623437837243 0.5163458585739136 13599
1623437869022 0.43087315559387207 13649
1623437898281 0.3987787961959839 13699
1623437927393 0.45433542132377625 13749
1623437956243 0.4276842474937439 13799
1623437985161 0.47425559163093567 13849
1623438014044 0.47633183002471924 13899
1623438042953 0.41619032621383667 13949
1623438072100 0.3903624415397644 13999
1623438100616 0.39214712381362915 14049
1623438129665 0.37336504459381104 14099
1623438158754 0.45340943336486816 14149
1623438187712 0.4187547564506531 14199
1623438216703 0.49298733472824097 14249
1623438245923 0.4679899215698242 14299
1623438275072 0.5377777814865112 14349
1623438304081 0.4528420865535736 14399
1623438332780 0.4463093876838684 14449
1623438361561 0.41752809286117554 14499
1623438390336 0.502267062664032 14549
1623438418692 0.4547094702720642 14599
1623438548666 0.5979695320129395 10
1623438575553 0.43720024824142456 14649
1623438604124 0.43916836380958557 14699
1623438632668 0.4707554578781128 14749
1623438661663 0.4673348069190979 14799
1623438690249 0.4533311128616333 14849
1623438719015 0.4065372943878174 14899
1623438747751 0.46025681495666504 14949
1623438776394 0.4301210641860962 14999
1623438805056 0.5222600102424622 15049
1623438833809 0.46543893218040466 15099
1623438862681 0.42489683628082275 15149
1623438891363 0.4407459497451782 15199
1623438920105 0.40043267607688904 15249
1623438949233 0.49164748191833496 15299
1623438978488 0.41053566336631775 15349
1623439007464 0.5241854190826416 15399
1623439036560 0.3972282409667969 15449
1623439065739 0.5364294648170471 15499
1623439094991 0.5255956053733826 15549
1623439123996 0.5941316485404968 15599
1623439153219 0.46292349696159363 15649
1623439182533 0.47760695219039917 15699
1623439211608 0.47301334142684937 15749
1623439240917 0.4747636020183563 15799
1623439270307 0.44078776240348816 15849
1623439299826 0.36242014169692993 15899
1623439448276 0.5846759080886841 11
1623439458648 0.4358549118041992 15949
1623439489659 0.5270824432373047 15999
1623439518302 0.48224157094955444 16049
1623439546879 0.4198419451713562 16099
1623439575867 0.47804901003837585 16149
1623439604956 0.397684782743454 16199
1623439633914 0.410649836063385 16249
1623439663157 0.4613404870033264 16299
1623439691966 0.5670005083084106 16349
1623439720996 0.4896639883518219 16399
1623439749728 0.3906744122505188 16449
1623439778746 0.4136071801185608 16499
1623439807759 0.39175453782081604 16549
1623439836722 0.4675236940383911 16599
1623439865916 0.41831398010253906 16649
1623439895197 0.45772308111190796 16699
1623439924449 0.4731062650680542 16749
1623439953675 0.4604581892490387 16799
1623439983350 0.39921194314956665 16849
1623440012941 0.4314364790916443 16899
1623440041899 0.4842890501022339 16949
1623440071049 0.43357211351394653 16999
1623440100392 0.4187760353088379 17049
1623440129950 0.4332875907421112 17099
1623440159129 0.48853519558906555 17149
1623440188572 0.4508216083049774 17199
1623440217828 0.42556482553482056 17249
1623440356489 0.5021682977676392 12
1623440379078 0.4027291536331177 17299
1623440407966 0.5099301934242249 17349
1623440436605 0.550361692905426 17399
1623440465513 0.44255709648132324 17449
1623440494756 0.4786224067211151 17499
1623440523867 0.4208329916000366 17549
1623440552742 0.4303182363510132 17599
1623440581867 0.4463764429092407 17649
1623440610683 0.45300281047821045 17699
1623440639633 0.5448987483978271 17749
1623440668463 0.46555882692337036 17799
1623440697404 0.3778686225414276 17849
1623440726570 0.5003476142883301 17899
1623440756006 0.567463219165802 17949
1623440785178 0.5597391724586487 17999
1623440814335 0.4660126268863678 18049
1623440843328 0.47210270166397095 18099
1623440872641 0.4503004848957062 18149
1623440901831 0.4172268509864807 18199
1623440931075 0.44696882367134094 18249
1623440960163 0.4402177929878235 18299
1623440989455 0.4920937418937683 18349
1623441018787 0.4546038508415222 18399
1623441048091 0.43457818031311035 18449
1623441077322 0.41793566942214966 18499
1623441106491 0.44173601269721985 18549
1623441134178 0.353420615196228 18599
1623441252936 0.6578550338745117 13
1623441288897 0.4018166661262512 18649
1623441317690 0.4155931770801544 18699
1623441346429 0.36696529388427734 18749
1623441375289 0.4349360466003418 18799
1623441404340 0.41157302260398865 18849
1623441433289 0.4659394919872284 18899
1623441462041 0.43518954515457153 18949
1623441490981 0.3616712689399719 18999
1623441519920 0.4015209674835205 19049
1623441548880 0.4248471260070801 19099
1623441577734 0.4398820400238037 19149
1623441606766 0.5086987018585205 19199
1623441635920 0.49094319343566895 19249
1623441665251 0.4482276439666748 19299
1623441694549 0.5263961553573608 19349
1623441723773 0.40284013748168945 19399
1623441753160 0.420002818107605 19449
1623441782181 0.3819185793399811 19499
1623441811187 0.5013699531555176 19549
1623441840212 0.4364979863166809 19599
1623441869680 0.49762213230133057 19649
1623441899131 0.4556325674057007 19699
1623441928257 0.4603414833545685 19749
1623441957070 0.4448152780532837 19799
1623441986078 0.4519616663455963 19849
1623442015167 0.43065381050109863 19899
1623442147566 0.531450629234314 14
1623442165558 0.45407652854919434 19949
1623442194877 0.5051630139350891 19999
1623442223750 0.3850516080856323 20049
1623442252396 0.38339805603027344 20099
1623442281643 0.36343830823898315 20149
1623442310577 0.521645188331604 20199
1623442339507 0.451381117105484 20249
1623442368731 0.4301319718360901 20299
1623442397660 0.44721269607543945 20349
1623442426652 0.3703283667564392 20399
1623442455544 0.4335850775241852 20449
1623442484466 0.4149816632270813 20499
1623442513761 0.45717015862464905 20549
1623442543010 0.4458131194114685 20599
1623442572285 0.41486936807632446 20649
1623442601441 0.45115894079208374 20699
1623442630776 0.4163033366203308 20749
1623442660021 0.5115395784378052 20799
1623442689241 0.5065379738807678 20849
1623442718547 0.4531470537185669 20899
1623442747683 0.43161800503730774 20949
1623442776758 0.4221445322036743 20999
1623442806036 0.4520616829395294 21049
1623442835635 0.5406224727630615 21099
1623442864776 0.405067503452301 21149
1623442894097 0.5785250067710876 21199
1623442922492 0.5063251256942749 21249
1623443044563 0.5175922513008118 15
1623443074821 0.4319157004356384 21299
1623443103581 0.42943066358566284 21349
1623443132349 0.4045189619064331 21399
1623443161028 0.4207800328731537 21449
1623443189831 0.49378952383995056 21499
1623443218758 0.35189300775527954 21549
1623443247782 0.3712087571620941 21599
1623443276585 0.44100111722946167 21649
1623443305594 0.44207316637039185 21699
1623443334235 0.4418564438819885 21749
1623443362966 0.44540339708328247 21799
1623443391798 0.28532862663269043 21849
1623443421149 0.43046826124191284 21899
1623443450793 0.5469539165496826 21949
1623443479733 0.441943883895874 21999
1623443509188 0.43415018916130066 22049
1623443538227 0.5519499778747559 22099
1623443567374 0.42669224739074707 22149
1623443596495 0.4719369411468506 22199
1623443625892 0.444926381111145 22249
1623443655270 0.3883732855319977 22299
1623443684324 0.4190391004085541 22349
1623443713545 0.3576158583164215 22399
1623443742839 0.41124552488327026 22449
1623443772210 0.4496989846229553 22499
1623443801557 0.4123191833496094 22549
1623443939786 0.4190864562988281 16
1623443952974 0.40577825903892517 22599
1623443982150 0.4036986231803894 22649
1623444010795 0.41491812467575073 22699
1623444039558 0.4594772458076477 22749
1623444068437 0.4312059283256531 22799
1623444097585 0.42813923954963684 22849
1623444126582 0.4644729197025299 22899
1623444155489 0.43029066920280457 22949
1623444184486 0.3988443911075592 22999
1623444213098 0.37467634677886963 23049
1623444241991 0.4889206290245056 23099
1623444271073 0.42599034309387207 23149
1623444300264 0.4340258836746216 23199
1623444329472 0.5158101320266724 23249
1623444358500 0.4118690490722656 23299
1623444387669 0.45850586891174316 23349
1623444416769 0.5085909366607666 23399
1623444446214 0.4108874201774597 23449
1623444475508 0.4641335606575012 23499
1623444504811 0.40296831727027893 23549
1623444533897 0.4352344274520874 23599
1623444563151 0.402327299118042 23649
1623444592101 0.5148316025733948 23699
1623444621436 0.3894680440425873 23749
1623444650567 0.46786564588546753 23799
1623444679510 0.43798261880874634 23849
1623444707992 0.4234997630119324 23899
1623444836144 0.7250658869743347 17
1623444862505 0.388891339302063 23949
1623444891390 0.42500612139701843 23999
1623444919924 0.3636929988861084 24049
1623444948733 0.45132556557655334 24099
1623444977560 0.420418381690979 24149
1623445006630 0.47376006841659546 24199
1623445035802 0.4479861259460449 24249
1623445064721 0.363789439201355 24299
1623445093776 0.5367774963378906 24349
1623445122782 0.3827182948589325 24399
1623445151707 0.433475136756897 24449
1623445180762 0.4239583909511566 24499
1623445210174 0.4523119330406189 24549
1623445239483 0.4348636269569397 24599
1623445268635 0.3705914318561554 24649
1623445297839 0.430408239364624 24699
1623445327167 0.507662296295166 24749
1623445356661 0.4159044027328491 24799
1623445385451 0.46055635809898376 24849
1623445415812 0.3874146342277527 24899
1623445445431 0.4302799105644226 24949
1623445474920 0.4637182950973511 24999
1623445504369 0.4158655107021332 25049
1623445533998 0.3896869719028473 25099
1623445563311 0.4375590980052948 25149
1623445592664 0.39921286702156067 25199
1623445619983 0.41771048307418823 25249
1623445740164 0.6149593591690063 18
1623445778102 0.49690625071525574 25299
1623445806601 0.535921037197113 25349
1623445835348 0.5233531594276428 25399
1623445864176 0.45864349603652954 25449
1623445893208 0.4508844017982483 25499
1623445922499 0.48106473684310913 25549
1623445951321 0.40477943420410156 25599
1623445979932 0.4198904037475586 25649
1623446008854 0.5501561760902405 25699
1623446037605 0.44035804271698 25749
1623446066471 0.4255257844924927 25799
1623446095157 0.4553692638874054 25849
1623446124665 0.5126007199287415 25899
1623446154009 0.41284245252609253 25949
1623446183171 0.419216126203537 25999
1623446212418 0.41933900117874146 26049
1623446241625 0.3998301029205322 26099
1623446270957 0.41324055194854736 26149
1623446300209 0.467013418674469 26199
1623446329365 0.39082401990890503 26249
1623446358644 0.37918585538864136 26299
1623446387856 0.42180800437927246 26349
1623446416867 0.36751577258110046 26399
1623446446120 0.40408265590667725 26449
1623446475116 0.4809827208518982 26499
1623446504213 0.49241966009140015 26549
1623446641339 0.5967468619346619 19
1623446662007 0.5059068202972412 26599
1623446691052 0.33792442083358765 26649
1623446719926 0.4279196858406067 26699
1623446748752 0.40608614683151245 26749
1623446777424 0.3434254825115204 26799
1623446806840 0.37006574869155884 26849
1623446835927 0.4719116687774658 26899
1623446864866 0.489255428314209 26949
1623446893844 0.4536285996437073 26999
1623446922840 0.5011457204818726 27049
1623446951781 0.36665022373199463 27099
1623446980629 0.4754079580307007 27149
1623447009980 0.43649792671203613 27199
1623447039412 0.5030348300933838 27249
1623447068287 0.42098233103752136 27299
1623447097254 0.4624684154987335 27349
1623447126441 0.4567275047302246 27399
1623447155746 0.4410840570926666 27449
1623447184937 0.5211224555969238 27499
1623447214321 0.4170217514038086 27549
1623447243356 0.523007869720459 27599
1623447272905 0.4636306166648865 27649
1623447302454 0.40421217679977417 27699
1623447332033 0.3747543692588806 27749
1623447361064 0.45860016345977783 27799
1623447390103 0.4652324914932251 27849
1623447417891 0.3762173652648926 27899
1623447539539 0.5243808031082153 20
1623447572851 0.3878253102302551 27949
1623447601636 0.3815043568611145 27999
1623447631914 0.5169090032577515 28049
1623447660770 0.3760409951210022 28099
1623447689849 0.47883617877960205 28149
1623447718934 0.4542311728000641 28199
1623447748073 0.35626718401908875 28249
1623447776876 0.45886853337287903 28299
1623447805967 0.4071313738822937 28349
1623447834707 0.4160206615924835 28399
1623447863565 0.35117796063423157 28449
1623447892358 0.40586161613464355 28499
1623447921588 0.40581780672073364 28549
1623447950806 0.4743899703025818 28599
1623447980303 0.3567637801170349 28649
1623448009764 0.3908765912055969 28699
1623448039128 0.47686004638671875 28749
1623448068517 0.5000537633895874 28799
1623448097924 0.3871718645095825 28849
1623448127037 0.3993654251098633 28899
1623448156513 0.47871845960617065 28949
1623448185728 0.40302327275276184 28999
1623448214967 0.36976301670074463 29049
1623448243889 0.3941638469696045 29099
1623448273708 0.4833483099937439 29149
1623448302768 0.366763710975647 29199
1623448439833 0.3299846649169922 21
1623448455970 0.4199744462966919 29249
1623448485370 0.41503655910491943 29299
1623448514373 0.39350461959838867 29349
1623448543333 0.4061124324798584 29399
1623448572491 0.4412917494773865 29449
1623448601421 0.3850829303264618 29499
1623448630520 0.5451792478561401 29549
1623448659198 0.42928633093833923 29599
1623448688016 0.4325004518032074 29649
1623448716788 0.38916534185409546 29699
1623448745958 0.42139965295791626 29749
1623448774791 0.3802381455898285 29799
1623448803737 0.4890124201774597 29849
1623448832821 0.4397825002670288 29899
1623448862244 0.507422685623169 29949
1623448891596 0.4441186189651489 29999
1623448920884 0.3895854949951172 30049
1623448949935 0.4449639916419983 30099
1623448979760 0.38862451910972595 30149
1623449009122 0.38927337527275085 30199
1623449038532 0.4680204391479492 30249
1623449067833 0.36460772156715393 30299
1623449096903 0.4139668345451355 30349
1623449126144 0.3500657379627228 30399
1623449155042 0.4791905879974365 30449
1623449184604 0.5104457139968872 30499
1623449213003 0.4143012464046478 30549
1623449336218 0.4651782214641571 22
1623449364760 0.4185308814048767 30599
1623449393617 0.436982125043869 30649
1623449422557 0.4575048089027405 30699
1623449451475 0.4362027049064636 30749
1623449480426 0.4579707384109497 30799
1623449509383 0.41220033168792725 30849
1623449538485 0.3621075451374054 30899
1623449567558 0.44854623079299927 30949
1623449596548 0.444339781999588 30999
1623449625631 0.3829602599143982 31049
1623449654274 0.3306267261505127 31099
1623449683072 0.42338132858276367 31149
1623449712471 0.5234237909317017 31199
1623449741488 0.32951241731643677 31249
1623449771064 0.34613579511642456 31299
1623449800129 0.3989311456680298 31349
1623449829397 0.4901896119117737 31399
1623449858360 0.3816869854927063 31449
1623449887175 0.3704877495765686 31499
1623449916625 0.4435459077358246 31549
1623449946004 0.39797478914260864 31599
1623449975213 0.39743441343307495 31649
1623450004052 0.47456836700439453 31699
1623450033317 0.36662864685058594 31749
1623450062355 0.43297022581100464 31799
1623450091860 0.40499693155288696 31849
1623450230528 0.2317168116569519 23
1623450240305 0.400880366563797 31899
1623450271018 0.4534004330635071 31949
1623450299991 0.41605326533317566 31999
1623450328697 0.4172532856464386 32049
1623450357509 0.4035462737083435 32099
1623450386674 0.3809223771095276 32149
1623450415798 0.4405646324157715 32199
1623450444952 0.46288928389549255 32249
1623450474123 0.381236732006073 32299
1623450503010 0.32018929719924927 32349
1623450531896 0.40728992223739624 32399
1623450560864 0.5085641145706177 32449
1623450589695 0.4716079533100128 32499
1623450618868 0.40609434247016907 32549
1623450648426 0.4518166780471802 32599
1623450677743 0.383353590965271 32649
1623450706795 0.41363799571990967 32699
1623450735990 0.4422789216041565 32749
1623450765121 0.38806602358818054 32799
1623450794572 0.4073535203933716 32849
1623450823613 0.4203936457633972 32899
1623450853098 0.4545263648033142 32949
1623450882490 0.44900357723236084 32999
1623450911874 0.4373632073402405 33049
1623450941234 0.3789280652999878 33099
1623450970740 0.4316895604133606 33149
1623450999554 0.4632512331008911 33199
1623451126546 0.5747508406639099 24
1623451150508 0.4806860685348511 33249
1623451179209 0.43752044439315796 33299
1623451207790 0.41416287422180176 33349
1623451236785 0.4076429605484009 33399
1623451265645 0.4996461868286133 33449
1623451294495 0.3937643766403198 33499
1623451323355 0.3463398814201355 33549
1623451352391 0.4152345061302185 33599
1623451381131 0.45196759700775146 33649
1623451410136 0.44950270652770996 33699
1623451439051 0.4419492781162262 33749
1623451468115 0.4127771556377411 33799
1623451497342 0.4727574586868286 33849
1623451526770 0.47568708658218384 33899
1623451555818 0.4820455312728882 33949
1623451585282 0.3630877733230591 33999
1623451614565 0.3219439685344696 34049
1623451643862 0.4443702697753906 34099
1623451673295 0.4231027364730835 34149
1623451702625 0.42653751373291016 34199
1623451731865 0.4946090877056122 34249
1623451761166 0.37578070163726807 34299
1623451790788 0.42842209339141846 34349
1623451819697 0.40888404846191406 34399
1623451849217 0.4178018867969513 34449
1623451878528 0.4745914936065674 34499
1623451906021 0.3543176054954529 34549
1623452032743 0.2900591492652893 25
1623452068591 0.3558378219604492 34599
1623452097553 0.3765227198600769 34649
1623452126243 0.40325817465782166 34699
1623452155397 0.48197466135025024 34749
1623452184429 0.39729055762290955 34799
1623452213398 0.3999598026275635 34849
1623452242455 0.4590741693973541 34899
1623452271168 0.3624890446662903 34949
1623452299944 0.4485694169998169 34999
1623452329150 0.4261402487754822 35049
1623452358181 0.4626740515232086 35099
1623452387023 0.35143548250198364 35149
1623452416504 0.3888099789619446 35199
1623452445772 0.47179168462753296 35249
1623452474653 0.3693186640739441 35299
1623452503777 0.411734402179718 35349
1623452533141 0.4625614881515503 35399
1623452562635 0.43675726652145386 35449
1623452591922 0.4827054738998413 35499
1623452621279 0.5058284997940063 35549
1623452650620 0.43385857343673706 35599
1623452680152 0.41188251972198486 35649
1623452709739 0.36906906962394714 35699
1623452738782 0.41374146938323975 35749
1623452768013 0.3909949064254761 35799
1623452797085 0.3986789584159851 35849
1623452932143 1.0360896587371826 26
1623452951827 0.5068482756614685 35899
1623452980998 0.3778110146522522 35949
1623453009846 0.4138829708099365 35999
1623453038933 0.4243926405906677 36049
1623453068014 0.42448943853378296 36099
1623453097113 0.46226537227630615 36149
1623453126080 0.35371890664100647 36199
1623453154967 0.3482302725315094 36249
1623453184056 0.45556116104125977 36299
1623453212911 0.4848334789276123 36349
1623453241843 0.40517932176589966 36399
1623453270574 0.47023969888687134 36449
1623453299726 0.4097070097923279 36499
1623453328876 0.42685383558273315 36549
1623453358083 0.34473758935928345 36599
1623453387153 0.37777411937713623 36649
1623453416614 0.3835822343826294 36699
1623453445618 0.30123043060302734 36749
1623453474934 0.4632628262042999 36799
1623453503820 0.4256601333618164 36849
1623453533319 0.3725876808166504 36899
1623453562389 0.3863189220428467 36949
1623453591608 0.4585217237472534 36999
1623453621172 0.3783966302871704 37049
1623453650477 0.35910505056381226 37099
1623453679799 0.42237910628318787 37149
1623453707805 0.4588080644607544 37199
1623453840402 0.39444977045059204 27
1623453871750 0.5072518587112427 37249
1623453900483 0.3757133483886719 37299
1623453929320 0.41795504093170166 37349
1623453958003 0.39906904101371765 37399
1623453986753 0.3692951798439026 37449
1623454015598 0.3618800938129425 37499
1623454044553 0.4140547811985016 37549
1623454073464 0.44959914684295654 37599
1623454102199 0.4500707983970642 37649
1623454130894 0.3443659543991089 37699
1623454159707 0.5164073705673218 37749
1623454188602 0.3540269136428833 37799
1623454217520 0.437057226896286 37849
1623454246808 0.4615998864173889 37899
1623454276040 0.42271244525909424 37949
1623454304857 0.42115384340286255 37999
1623454333708 0.46607884764671326 38049
1623454362790 0.41709521412849426 38099
1623454392085 0.4125690460205078 38149
1623454421274 0.38494354486465454 38199
1623454450432 0.442758709192276 38249
1623454479122 0.4116089940071106 38299
1623454508362 0.4210004210472107 38349
1623454537315 0.4223630428314209 38399
1623454566292 0.44741204380989075 38449
1623454595681 0.44143980741500854 38499
1623454730836 0.5321156978607178 28
1623454742444 0.4220348596572876 38549
1623454775373 0.4508969187736511 38599
1623454803893 0.4437465965747833 38649
1623454832624 0.35573282837867737 38699
1623454861151 0.4526582360267639 38749
1623454890200 0.4083169102668762 38799
1623454919388 0.5371347665786743 38849
1623454948328 0.4140678346157074 38899
1623454977295 0.5185567140579224 38949
1623455005795 0.4373319149017334 38999
1623455034765 0.3707495331764221 39049
1623455063688 0.33615779876708984 39099
1623455092312 0.45147114992141724 39149
1623455121292 0.34130823612213135 39199
1623455150687 0.3803364336490631 39249
1623455179815 0.38988226652145386 39299
1623455208910 0.3369305729866028 39349
1623455237808 0.35369789600372314 39399
1623455266947 0.3014312982559204 39449
1623455296067 0.3779279291629791 39499
1623455325410 0.3610610067844391 39549
1623455354424 0.4904671907424927 39599
1623455383645 0.47101879119873047 39649
1623455412979 0.42168593406677246 39699
1623455442263 0.42702341079711914 39749
1623455471348 0.4768434762954712 39799
1623455499803 0.4214833974838257 39849
1623455623400 0.5371724367141724 29
1623455651037 0.3722081482410431 39899
1623455679491 0.3351825177669525 39949
1623455708127 0.39478570222854614 39999
1623455736739 0.4718870520591736 40049
1623455765494 0.43655717372894287 40099
1623455794315 0.5246808528900146 40149
1623455823221 0.4249586760997772 40199
1623455852089 0.3806403875350952 40249
1623455881224 0.4587019085884094 40299
1623455910051 0.362779825925827 40349
1623455938959 0.3364666998386383 40399
1623455967562 0.440104216337204 40449
1623455996733 0.38157176971435547 40499
1623456025729 0.4522378146648407 40549
1623456054933 0.5017778873443604 40599
1623456083927 0.4042803645133972 40649
1623456112935 0.45265501737594604 40699
1623456141848 0.4057545065879822 40749
1623456171310 0.4244459867477417 40799
1623456200541 0.39700081944465637 40849
1623456229992 0.35713791847229004 40899
1623456259250 0.38678914308547974 40949
1623456288087 0.43499666452407837 40999
1623456317165 0.3602735996246338 41049
1623456346272 0.33901822566986084 41099
1623456375606 0.4420902132987976 41149
1623456521881 0.49620911478996277 30
1623456529395 0.42032814025878906 41199
1623456560347 0.3716203272342682 41249
1623456589245 0.48426809906959534 41299
1623456618011 0.4710628390312195 41349
1623456646666 0.4888242185115814 41399
1623456675498 0.33201923966407776 41449
1623456704355 0.5083461999893188 41499
1623456733174 0.42314547300338745 41549
1623456762160 0.3740086853504181 41599
1623456791113 0.5144035220146179 41649
1623456820048 0.42246490716934204 41699
1623456849132 0.34992605447769165 41749
1623456877776 0.4173271059989929 41799
1623456906725 0.4322589039802551 41849
1623456935986 0.3792177438735962 41899
1623456965117 0.34970664978027344 41949
1623456994261 0.33690881729125977 41999
1623457023457 0.33772894740104675 42049
1623457052581 0.3802863359451294 42099
1623457081573 0.46302664279937744 42149
1623457110710 0.3785240650177002 42199
1623457139705 0.39463376998901367 42249
1623457169049 0.42280471324920654 42299
1623457198091 0.3688993453979492 42349
1623457227303 0.4536023736000061 42399
1623457256691 0.3110226094722748 42449
1623457285923 0.4463055729866028 42499
1623457420955 0.44158902764320374 31
1623457442777 0.35265475511550903 42549
1623457471226 0.40272384881973267 42599
1623457499762 0.48037490248680115 42649
1623457528578 0.5208104252815247 42699
1623457557196 0.36210012435913086 42749
1623457586307 0.4131677746772766 42799
1623457615202 0.37450096011161804 42849
1623457644403 0.35285013914108276 42899
1623457673224 0.37223026156425476 42949
1623457702224 0.4119620621204376 42999
1623457730793 0.33603885769844055 43049
1623457759856 0.36326512694358826 43099
1623457788928 0.29656970500946045 43149
1623457818093 0.4220861494541168 43199
1623457847367 0.4614560604095459 43249
1623457876590 0.37899208068847656 43299
1623457906030 0.4354785680770874 43349
1623457935076 0.360275000333786 43399
1623457963999 0.3785080313682556 43449
1623457993154 0.40543580055236816 43499
1623458022370 0.3586774468421936 43549
1623458051663 0.4457681179046631 43599
1623458080532 0.4025595486164093 43649
1623458109774 0.4405486583709717 43699
1623458138882 0.3811366558074951 43749
1623458168095 0.4478980302810669 43799
1623458196148 0.3915635049343109 43849
1623458314154 0.5173736810684204 32
1623458348278 0.39260172843933105 43899
1623458376569 0.3644629120826721 43949
1623458405144 0.372616171836853 43999
1623458433895 0.530060887336731 44049
1623458462531 0.3731253147125244 44099
1623458491477 0.4168626368045807 44149
1623458520428 0.4340168237686157 44199
1623458549109 0.5004347562789917 44249
1623458577481 0.3759457767009735 44299
1623458606423 0.4441918134689331 44349
1623458635310 0.36917614936828613 44399
1623458664080 0.39971381425857544 44449
1623458693148 0.366720974445343 44499
1623458722219 0.46425387263298035 44549
1623458751214 0.3848589062690735 44599
1623458780518 0.40749508142471313 44649
1623458809627 0.3806793689727783 44699
1623458838397 0.3168659806251526 44749
1623458867567 0.3605210781097412 44799
1623458896941 0.40364301204681396 44849
1623458925859 0.417186439037323 44899
1623458955170 0.46934252977371216 44949
1623458984451 0.48833197355270386 44999
1623459013481 0.36366719007492065 45049
1623459042468 0.3940182328224182 45099
1623459071259 0.37032729387283325 45149
1623459207325 0.4419640302658081 33
1623459224582 0.43486762046813965 45199
1623459253626 0.5025376081466675 45249
1623459282565 0.46924901008605957 45299
1623459311036 0.3798868656158447 45349
1623459340013 0.40113887190818787 45399
1623459368640 0.4796053469181061 45449
1623459397636 0.43089544773101807 45499
1623459426379 0.3224184215068817 45549
1623459455254 0.37650394439697266 45599
1623459483945 0.42298105359077454 45649
1623459512606 0.4666590690612793 45699
1623459541276 0.3952559232711792 45749
1623459570459 0.3945083022117615 45799
1623459599950 0.3474046587944031 45849
1623459628891 0.3699585497379303 45899
1623459658214 0.3899107575416565 45949
1623459687297 0.3862539231777191 45999
1623459716539 0.3051479458808899 46049
1623459745658 0.4583580791950226 46099
1623459774813 0.35489967465400696 46149
1623459803997 0.46713072061538696 46199
1623459832834 0.3672657310962677 46249
1623459862176 0.46360963582992554 46299
1623459891174 0.46270108222961426 46349
1623459920177 0.37800920009613037 46399
1623459949349 0.36932170391082764 46449
1623459977735 0.36557382345199585 46499
1623460099936 0.7591885328292847 34
1623460130001 0.35300207138061523 46549
1623460158658 0.3288785517215729 46599
1623460187469 0.45934346318244934 46649
1623460216061 0.3500503897666931 46699
1623460244797 0.4230457842350006 46749
1623460273664 0.37001845240592957 46799
1623460302778 0.4109853506088257 46849
1623460331704 0.48205429315567017 46899
1623460360636 0.42665866017341614 46949
1623460389478 0.38219064474105835 46999
1623460418078 0.39453744888305664 47049
1623460446851 0.3669525682926178 47099
1623460475763 0.5312800407409668 47149
1623460505042 0.4420728385448456 47199
1623460533998 0.3356413245201111 47249
1623460563105 0.36327236890792847 47299
1623460591937 0.5327432751655579 47349
1623460620879 0.3405193090438843 47399
1623460650273 0.34858158230781555 47449
1623460679546 0.4166145324707031 47499
1623460708797 0.3929407000541687 47549
1623460737827 0.33006465435028076 47599
1623460767370 0.39117431640625 47649
1623460796569 0.3916408121585846 47699
1623460826079 0.40281975269317627 47749
1623460855406 0.2789972424507141 47799
1623460994591 0.7681753635406494 35
1623461006020 0.4041785001754761 47849
1623461035527 0.3801867365837097 47899
1623461063963 0.4342418313026428 47949
1623461092813 0.3970688581466675 47999
1623461121289 0.3714737892150879 48049
1623461150184 0.4183107316493988 48099
1623461179031 0.3920336365699768 48149
1623461208154 0.3655707538127899 48199
1623461237145 0.4931047260761261 48249
1623461266043 0.38973596692085266 48299
1623461294682 0.2910979986190796 48349
1623461323137 0.41715046763420105 48399
1623461352026 0.3600567877292633 48449
1623461381008 0.38200944662094116 48499
1623461410163 0.37520283460617065 48549
1623461439205 0.4152791500091553 48599
1623461468069 0.47357213497161865 48649
1623461497489 0.436662495136261 48699
1623461526387 0.4478644132614136 48749
1623461555638 0.40742337703704834 48799
1623461584557 0.3226465880870819 48849
1623461613549 0.37037646770477295 48899
1623461642548 0.3870846629142761 48949
1623461671489 0.4932662546634674 48999
1623461700386 0.3615948259830475 49049
1623461729363 0.3640488386154175 49099
1623461757783 0.3373187780380249 49149
1623461882469 0.4330849051475525 36
1623461907150 0.3478114604949951 49199
1623461935573 0.331241637468338 49249
1623461964118 0.2856147289276123 49299
1623461992678 0.336952269077301 49349
1623462021062 0.4665997624397278 49399
1623462049869 0.3723287582397461 49449
1623462078848 0.35657796263694763 49499
1623462107617 0.37377864122390747 49549
1623462136293 0.3244279623031616 49599
1623462165197 0.34306395053863525 49649
1623462193847 0.4129711985588074 49699
1623462222408 0.40604615211486816 49749
1623462251389 0.3498236835002899 49799
1623462280426 0.373363733291626 49849
1623462309569 0.3847287893295288 49899
1623462338898 0.34387004375457764 49949
1623462367940 0.37173768877983093 49999
1623462396959 0.3950093388557434 50049
1623462426053 0.4098387360572815 50099
1623462455244 0.3882521986961365 50149
1623462484463 0.36792728304862976 50199
1623462513662 0.27717506885528564 50249
1623462542385 0.48617613315582275 50299
1623462571198 0.3972841799259186 50349
1623462600078 0.39680784940719604 50399
1623462629343 0.3622815012931824 50449
1623462656701 0.38359659910202026 50499
1623462777573 0.6706743836402893 37
1623462814358 0.3843088150024414 50549
1623462842995 0.4027624726295471 50599
1623462871383 0.36371415853500366 50649
1623462900305 0.38502150774002075 50699
1623462929006 0.3762165307998657 50749
1623462958185 0.4079873561859131 50799
1623462986818 0.4134526252746582 50849
1623463015736 0.3355088233947754 50899
1623463044329 0.3299180567264557 50949
1623463073276 0.39983564615249634 50999
1623463101965 0.3186066150665283 51049
1623463130493 0.4353329539299011 51099
1623463159569 0.43233194947242737 51149
1623463188822 0.45567741990089417 51199
1623463217688 0.35327839851379395 51249
1623463246718 0.4324505925178528 51299
1623463275921 0.3555440902709961 51349
1623463305004 0.39958545565605164 51399
1623463334123 0.447630375623703 51449
1623463363287 0.389127254486084 51499
1623463392322 0.3572041094303131 51549
1623463421375 0.42037567496299744 51599
1623463450488 0.36455121636390686 51649
1623463479350 0.4058026075363159 51699
1623463508408 0.3779017925262451 51749
1623463537322 0.4536297619342804 51799
1623463668319 0.3990958034992218 38
1623463688813 0.43108227849006653 51849
1623463717612 0.34408408403396606 51899
1623463746324 0.4570941627025604 51949
1623463774909 0.3767414689064026 51999
1623463803302 0.39526450634002686 52049
1623463831961 0.3634403944015503 52099
1623463860831 0.30269739031791687 52149
1623463889962 0.358731746673584 52199
1623463918469 0.46522289514541626 52249
1623463947039 0.32801446318626404 52299
1623463975899 0.42129427194595337 52349
1623464004547 0.3684476315975189 52399
1623464033246 0.36658889055252075 52449
1623464062047 0.3654663562774658 52499
1623464091163 0.28892195224761963 52549
1623464120136 0.3941265344619751 52599
1623464149176 0.3995697498321533 52649
1623464178291 0.31311511993408203 52699
1623464207481 0.4877222180366516 52749
1623464236666 0.35014480352401733 52799
1623464266018 0.3178535997867584 52849
1623464295082 0.3582460284233093 52899
1623464324119 0.3591874837875366 52949
1623464353143 0.4216881990432739 52999
1623464382135 0.33833399415016174 53049
1623464410974 0.28447645902633667 53099
1623464438894 0.38275647163391113 53149
1623464566285 0.5468125343322754 39
1623464598684 0.3892565369606018 53199
1623464628076 0.3742527663707733 53249
1623464656525 0.34126701951026917 53299
1623464685031 0.41326195001602173 53349
1623464713540 0.40344446897506714 53399
1623464742280 0.3947659730911255 53449
1623464771011 0.380534291267395 53499
1623464799763 0.37991952896118164 53549
1623464828297 0.3288221061229706 53599
1623464856993 0.3086247444152832 53649
1623464886035 0.33679866790771484 53699
1623464914904 0.4404846727848053 53749
1623464943926 0.39318400621414185 53799
1623464972917 0.3892021179199219 53849
1623465001986 0.32305392622947693 53899
1623465031366 0.36649152636528015 53949
1623465060494 0.3919178247451782 53999
1623465089620 0.34160444140434265 54049
1623465118375 0.49218904972076416 54099
1623465147462 0.3934938609600067 54149
1623465176468 0.39188724756240845 54199
1623465205556 0.47264307737350464 54249
1623465234677 0.41644883155822754 54299
1623465263838 0.29905807971954346 54349
1623465292892 0.40941494703292847 54399
1623465321972 0.3879885673522949 54449
1623465467263 0.3931110203266144 40
1623465482917 0.4267130196094513 54499
1623465511302 0.3580760955810547 54549
1623465539969 0.3707123398780823 54599
1623465568727 0.4559764862060547 54649
1623465597397 0.4560720920562744 54699
1623465626023 0.3541788160800934 54749
1623465654749 0.3554307222366333 54799
1623465683706 0.42044323682785034 54849
1623465712653 0.261461079120636 54899
1623465741164 0.4111529588699341 54949
1623465769933 0.4759991466999054 54999
1623465798656 0.2994494140148163 55049
1623465827396 0.3176742196083069 55099
1623465856369 0.35956746339797974 55149
1623465885447 0.40499675273895264 55199
1623465914420 0.37082111835479736 55249
1623465943663 0.36032718420028687 55299
1623465972904 0.3926531672477722 55349
1623466002113 0.4113112688064575 55399
1623466031076 0.3887520432472229 55449
1623466060080 0.360055148601532 55499
1623466089151 0.41567739844322205 55549
1623466118202 0.40869855880737305 55599
1623466147135 0.38693779706954956 55649
1623466176092 0.40133535861968994 55699
1623466205298 0.3196572959423065 55749
1623466233546 0.4018884301185608 55799
1623466355940 0.40572017431259155 41
1623466384026 0.37674587965011597 55849
1623466412483 0.3522984981536865 55899
1623466441145 0.4473360478878021 55949
1623466469802 0.41298627853393555 55999
1623466498726 0.41715672612190247 56049
1623466527501 0.4047473073005676 56099
1623466556273 0.4554935395717621 56149
1623466585250 0.3528209626674652 56199
1623466614158 0.4806598424911499 56249
1623466642634 0.41797783970832825 56299
1623466671442 0.35605356097221375 56349
1623466700065 0.42476922273635864 56399
1623466728965 0.3839344382286072 56449
1623466758041 0.2811622619628906 56499
1623466787161 0.38989388942718506 56549
1623466815899 0.3262489140033722 56599
1623466845028 0.3555416464805603 56649
1623466874219 0.4357525706291199 56699
1623466903358 0.42314445972442627 56749
1623466932681 0.387246310710907 56799
1623466961670 0.31902945041656494 56849
1623466990748 0.4436908960342407 56899
1623467019677 0.40108567476272583 56949
1623467048860 0.3785499930381775 56999
1623467077852 0.3273617923259735 57049
1623467107003 0.3195353150367737 57099
1623467245576 0.39923936128616333 42
1623467255122 0.396999716758728 57149
1623467285270 0.42766618728637695 57199
1623467313595 0.35973596572875977 57249
1623467342284 0.3372940421104431 57299
1623467371024 0.3179997205734253 57349
1623467399854 0.37169966101646423 57399
1623467428961 0.37787824869155884 57449
1623467457664 0.3471011221408844 57499
1623467486386 0.43801409006118774 57549
1623467515240 0.403952956199646 57599
1623467543949 0.35642459988594055 57649
1623467572794 0.3559728264808655 57699
1623467601444 0.38764846324920654 57749
1623467630065 0.3683643043041229 57799
1623467659314 0.347235769033432 57849
1623467688365 0.4735690653324127 57899
1623467717245 0.42225223779678345 57949
1623467746265 0.47930318117141724 57999
1623467775327 0.3227819800376892 58049
1623467804498 0.335819810628891 58099
1623467833595 0.4429321885108948 58149
1623467862664 0.3219612240791321 58199
1623467891769 0.33606842160224915 58249
1623467920293 0.37907636165618896 58299
1623467949220 0.45081010460853577 58349
1623467978123 0.3625890016555786 58399
1623468006935 0.29411882162094116 58449
1623468133647 0.5248162746429443 43
1623468155896 0.4391542375087738 58499
1623468186103 0.37084850668907166 58549
1623468214667 0.26029330492019653 58599
1623468243583 0.3711036443710327 58649
1623468272373 0.3914264440536499 58699
1623468301091 0.36728817224502563 58749
1623468329812 0.40147286653518677 58799
1623468358685 0.40606772899627686 58849
1623468387517 0.39386922121047974 58899
1623468416288 0.33216577768325806 58949
1623468445200 0.42524296045303345 58999
1623468473863 0.3495180010795593 59049
1623468502630 0.3911855220794678 59099
1623468531639 0.3636819124221802 59149
1623468560793 0.3201006054878235 59199
1623468589686 0.3209954500198364 59249
1623468618945 0.39144089818000793 59299
1623468647392 0.46021223068237305 59349
1623468676338 0.3357844948768616 59399
1623468705510 0.4071250557899475 59449
1623468734544 0.3118312358856201 59499
1623468763607 0.3696001172065735 59549
1623468792834 0.4515387713909149 59599
1623468821802 0.38234031200408936 59649
1623468850797 0.38353532552719116 59699
1623468880014 0.3596115708351135 59749
1623468907510 0.3723292946815491 59799
1623469022568 0.27409157156944275 44
1623469057861 0.37907135486602783 59849
1623469086330 0.41402900218963623 59899
1623469114994 0.2722187936306 59949
1623469143854 0.36636871099472046 59999
1623469172698 0.3517509996891022 60049
1623469201497 0.363266259431839 60099
1623469230420 0.37415647506713867 60149
1623469259618 0.38643038272857666 60199
1623469288359 0.40444326400756836 60249
1623469317199 0.3786202669143677 60299
1623469345919 0.48301130533218384 60349
1623469374891 0.4121212065219879 60399
1623469403918 0.38948002457618713 60449
1623469433232 0.40058743953704834 60499
1623469462223 0.3728440999984741 60549
1623469491233 0.4309845566749573 60599
1623469520296 0.3274688124656677 60649
1623469549111 0.3249746561050415 60699
1623469578014 0.34317535161972046 60749
1623469607208 0.425149142742157 60799
1623469636151 0.3941279649734497 60849
1623469664707 0.309170126914978 60899
1623469693668 0.3040139675140381 60949
1623469722507 0.4503523111343384 60999
1623469751615 0.30667364597320557 61049
1623469780569 0.36231276392936707 61099
1623469915297 0.9569218754768372 45
1623469933964 0.355338454246521 61149
1623469962652 0.35507261753082275 61199
1623469991210 0.40485960245132446 61249
1623470019805 0.3593677878379822 61299
1623470048479 0.2752569913864136 61349
1623470077410 0.38766732811927795 61399
1623470106312 0.3246309757232666 61449
1623470135206 0.36312901973724365 61499
1623470163870 0.3735036253929138 61549
1623470192563 0.3693910837173462 61599
1623470221588 0.39976829290390015 61649
1623470250093 0.3633764386177063 61699
1623470279224 0.38018277287483215 61749
1623470308191 0.4053076505661011 61799
1623470337168 0.5076578259468079 61849
1623470366125 0.3747158646583557 61899
1623470395303 0.4198745787143707 61949
1623470424592 0.3882908523082733 61999
1623470453560 0.3512743413448334 62049
1623470482442 0.3941594660282135 62099
1623470511226 0.25434187054634094 62149
1623470540178 0.3879297375679016 62199
1623470569232 0.37418580055236816 62249
1623470598269 0.39839452505111694 62299
1623470627353 0.38925284147262573 62349
1623470656221 0.40758875012397766 62399
1623470684093 0.43695276975631714 62449
1623470815775 0.5092400312423706 46
1623470846599 0.3814350366592407 62499
1623470875102 0.3341372311115265 62549
1623470903773 0.3838064670562744 62599
1623470932396 0.34572547674179077 62649
1623470960932 0.28117305040359497 62699
1623470989757 0.35980916023254395 62749
1623471018748 0.3966553807258606 62799
1623471047370 0.40648937225341797 62849
1623471076300 0.3809051215648651 62899
1623471105244 0.4381425976753235 62949
1623471133815 0.4192497432231903 62999
1623471162562 0.42454051971435547 63049
1623471191450 0.3279493749141693 63099
1623471220950 0.4498597979545593 63149
1623471249947 0.33335351943969727 63199
1623471279001 0.38455432653427124 63249
1623471308264 0.3693351447582245 63299
1623471337188 0.3239430785179138 63349
1623471366506 0.4188621938228607 63399
1623471395821 0.40056169033050537 63449
1623471424995 0.30063706636428833 63499
1623471453933 0.3489358425140381 63549
1623471482993 0.3669911026954651 63599
1623471512096 0.3735026717185974 63649
1623471541184 0.35132116079330444 63699
1623471570131 0.3431464731693268 63749
1623471709087 0.8922804594039917 47
1623471720799 0.36979562044143677 63799
1623471752174 0.3096897006034851 63849
1623471780860 0.44073694944381714 63899
1623471809700 0.3942914605140686 63949
1623471838420 0.43431752920150757 63999
1623471867457 0.27634334564208984 64049
1623471896415 0.3629906177520752 64099
1623471925284 0.4111117422580719 64149
1623471954107 0.40712398290634155 64199
1623471982635 0.29280921816825867 64249
1623472011436 0.38268300890922546 64299
1623472040265 0.43876898288726807 64349
1623472069232 0.3223714232444763 64399
1623472098290 0.38184481859207153 64449
1623472127298 0.35628563165664673 64499
1623472156265 0.3228181004524231 64549
1623472185099 0.41052037477493286 64599
1623472214581 0.40939193964004517 64649
1623472243526 0.39584702253341675 64699
1623472272552 0.41113391518592834 64749
1623472301569 0.3664816915988922 64799
1623472330721 0.3711485266685486 64849
1623472359516 0.38574475049972534 64899
1623472388595 0.42337217926979065 64949
1623472417650 0.36443910002708435 64999
1623472446978 0.3853864073753357 65049
1623472475834 0.339242547750473 65099
1623472608432 0.369468092918396 48
1623472634507 0.4333757758140564 65149
1623472662796 0.4023101329803467 65199
1623472691426 0.3900558650493622 65249
1623472720095 0.36897581815719604 65299
1623472748901 0.37775465846061707 65349
1623472777604 0.3627573251724243 65399
1623472806406 0.2892211675643921 65449
1623472835445 0.3748055100440979 65499
1623472864278 0.3276674151420593 65549
1623472893044 0.3925948143005371 65599
1623472921900 0.39763444662094116 65649
1623472950849 0.42802512645721436 65699
1623472980186 0.44421276450157166 65749
1623473009487 0.4474402964115143 65799
1623473038561 0.392256498336792 65849
1623473067680 0.3388482332229614 65899
1623473096650 0.4028410017490387 65949
1623473126080 0.4033299684524536 65999
1623473155473 0.3729100227355957 66049
1623473184194 0.4290855824947357 66099
1623473213515 0.3317076861858368 66149
1623473242623 0.33636924624443054 66199
1623473271636 0.3670874238014221 66249
1623473300991 0.36678850650787354 66299
1623473330009 0.34603339433670044 66349
1623473359251 0.4139130115509033 66399
1623473387792 0.3332969546318054 66449
1623473509545 0.3332969546318054 49
