1623429641877 0.6877235174179077 0
1623430534596 0.6891536116600037 1
1623431422643 0.5511932373046875 2
1623432307444 0.45461440086364746 3
1623433201084 0.7915676832199097 4
1623434095911 0.4478304386138916 5
1623434981354 0.5848208069801331 6
1623435867235 0.5529998540878296 7
1623436754043 0.46833157539367676 8
1623437648249 0.649258017539978 9
1623438548666 0.5979695320129395 10
1623439448276 0.5846759080886841 11
1623440356489 0.5021682977676392 12
1623441252936 0.6578550338745117 13
1623442147566 0.531450629234314 14
1623443044563 0.5175922513008118 15
1623443939786 0.4190864562988281 16
1623444836144 0.7250658869743347 17
1623445740164 0.6149593591690063 18
1623446641339 0.5967468619346619 19
1623447539539 0.5243808031082153 20
1623448439833 0.3299846649169922 21
1623449336218 0.4651782214641571 22
1623450230528 0.2317168116569519 23
1623451126546 0.5747508406639099 24
1623452032743 0.2900591492652893 25
1623452932143 1.0360896587371826 26
1623453840402 0.39444977045059204 27
1623454730836 0.5321156978607178 28
1623455623400 0.5371724367141724 29
1623456521881 0.49620911478996277 30
1623457420955 0.44158902764320374 31
1623458314154 0.5173736810684204 32
1623459207325 0.4419640302658081 33
1623460099936 0.7591885328292847 34
1623460994591 0.7681753635406494 35
1623461882469 0.4330849051475525 36
1623462777573 0.6706743836402893 37
1623463668319 0.3990958034992218 38
1623464566285 0.5468125343322754 39
1623465467263 0.3931110203266144 40
1623466355940 0.40572017431259155 41
1623467245576 0.39923936128616333 42
1623468133647 0.5248162746429443 43
1623469022568 0.27409157156944275 44
1623469915297 0.9569218754768372 45
1623470815775 0.5092400312423706 46
1623471709087 0.8922804594039917 47
1623472608432 0.369468092918396 48
1623473509545 0.3332969546318054 49
