1625177001128 0 49
1625177065317 0 99
1625177115133 0 149
1625177165118 0 199
1625177215231 0 249
1625177262867 0 299
1625177294149 0 332
1625177349906 0 332
1625177390762 1 349
1625177451755 1 399
1625177502003 1 449
1625177552109 1 499
1625177602088 1 549
1625177651928 1 599
1625177698464 1 649
1625177714164 1 665
1625177767560 1 665
1625177824588 2 699
1625177874555 2 749
1625177925288 2 799
1625177974862 2 849
1625178024365 2 899
1625178073449 2 949
1625178119745 2 998
1625178173589 2 998
1625178195592 3 999
1625178250234 3 1049
1625178300677 3 1099
1625178350680 3 1149
1625178400413 3 1199
1625178450320 3 1249
1625178498253 3 1299
1625178528854 3 1331
1625178587241 3 1331
1625178634553 4 1349
1625178692194 4 1399
1625178742602 4 1449
1625178792432 4 1499
1625178842719 4 1549
1625178892547 4 1599
1625178938987 4 1649
1625178953922 4 1664
1625179008851 4 1664
1625179067902 5 1699
1625179122660 5 1749
1625179173146 5 1799
1625179223643 5 1849
1625179273982 5 1899
1625179323192 5 1949
1625179368589 5 1997
1625179423816 5 1997
1625179450651 6 1999
1625179506833 6 2049
1625179557759 6 2099
1625179607976 6 2149
1625179658129 6 2199
1625179708487 6 2249
1625179756162 6 2299
1625179785960 6 2330
1625179840852 6 2330
1625179878939 7 2349
1625179937894 7 2399
1625179997139 7 2449
1625180047950 7 2499
1625180099521 7 2549
1625180149888 7 2599
1625180196289 7 2649
1625180210474 7 2663
1625180262433 7 2663
1625180325428 8 2699
1625180375989 8 2749
1625180426774 8 2799
1625180477451 8 2849
1625180528079 8 2899
1625180577217 8 2949
1625180621710 8 2996
1625180677064 8 2996
1625180700792 9 2999
1625180762229 9 3049
1625180812265 9 3099
1625180863287 9 3149
1625180912961 9 3199
1625180963622 9 3249
1625181011231 9 3299
1625181040048 9 3329
1625181092492 9 3329
1625181144039 10 3349
1625181194082 10 3399
1625181244401 10 3449
1625181294793 10 3499
1625181345212 10 3549
1625181395783 10 3599
1625181442048 10 3649
1625181455196 10 3662
1625181509304 10 3662
1625181574076 11 3699
1625181631367 11 3749
1625181681804 11 3799
1625181732436 11 3849
1625181782399 11 3899
1625181832712 11 3949
1625181876353 11 3995
1625181929082 11 3995
1625181958851 12 3999
1625182019144 12 4049
1625182069576 12 4099
1625182119880 12 4149
1625182169974 12 4199
1625182220346 12 4249
1625182267603 12 4299
1625182295572 12 4328
1625182346237 12 4328
1625182387782 13 4349
1625182450785 13 4399
1625182501173 13 4449
1625182551443 13 4499
1625182601506 13 4549
1625182651996 13 4599
1625182698188 13 4649
1625182710473 13 4661
1625182768348 13 4661
1625182838924 14 4699
1625182889285 14 4749
1625182940420 14 4799
1625182990541 14 4849
1625183040831 14 4899
1625183089773 14 4949
1625183132567 14 4994
1625183190539 14 4994
1625183217069 15 4999
1625183274891 15 5049
1625183328757 15 5099
1625183380110 15 5149
1625183430753 15 5199
1625183481937 15 5249
1625183530433 15 5299
1625183557437 15 5327
1625183618100 15 5327
1625183660360 16 5349
1625183724188 16 5399
1625183775682 16 5449
1625183826688 16 5499
1625183877557 16 5549
1625183927687 16 5599
1625183973884 16 5649
1625183985177 16 5660
1625184043845 16 5660
1625184112286 17 5699
1625184162471 17 5749
1625184213424 17 5799
1625184263566 17 5849
1625184313422 17 5899
1625184362031 17 5949
1625184403804 17 5993
1625184461422 17 5993
1625184488655 18 5999
1625184544150 18 6049
1625184595073 18 6099
1625184646149 18 6149
1625184696240 18 6199
1625184746581 18 6249
1625184794320 18 6299
1625184820396 18 6326
1625184875853 18 6326
1625184920987 19 6349
1625184983297 19 6399
1625185034403 19 6449
1625185084687 19 6499
1625185135465 19 6549
1625185185537 19 6599
1625185231803 19 6649
1625185242384 19 6659
1625185297921 19 6659
1625185371983 20 6699
1625185422072 20 6749
1625185472837 20 6799
1625185523031 20 6849
1625185573323 20 6899
1625185622362 20 6949
1625185663357 20 6992
1625185722341 20 6992
1625185755189 21 6999
1625185812423 21 7049
1625185862469 21 7099
1625185912682 21 7149
1625185962719 21 7199
1625186013341 21 7249
1625186060718 21 7299
1625186085882 21 7325
1625186143837 21 7325
1625186198197 22 7349
1625186251398 22 7399
1625186302022 22 7449
1625186351827 22 7499
1625186401943 22 7549
1625186451968 22 7599
1625186498139 22 7649
1625186507584 22 7658
1625186566500 22 7658
1625186638728 23 7699
1625186688696 23 7749
1625186740037 23 7799
1625186790881 23 7849
1625186841524 23 7899
1625186890005 23 7949
1625186930174 23 7991
1625186987765 23 7991
1625187023743 24 7999
1625187076534 24 8049
1625187126833 24 8099
1625187176573 24 8149
1625187226945 24 8199
1625187276923 24 8249
1625187324407 24 8299
1625187350015 24 8324
1625187407924 24 8324
1625187452989 25 8349
1625187517639 25 8399
1625187568185 25 8449
1625187618637 25 8499
1625187668508 25 8549
1625187718398 25 8599
1625187764563 25 8649
1625187773169 25 8657
1625187830791 25 8657
1625187901877 26 8699
1625187951690 26 8749
1625188002466 26 8799
1625188052762 26 8849
1625188103136 26 8899
1625188151333 26 8949
1625188190341 26 8990
1625188244891 26 8990
1625188276659 27 8999
1625188332785 27 9049
1625188383547 27 9099
1625188434520 27 9149
1625188485066 27 9199
1625188535827 27 9249
1625188583164 27 9299
1625188606554 27 9323
1625188659430 27 9323
1625188714671 28 9349
1625188770432 28 9399
1625188821027 28 9449
1625188871476 28 9499
1625188921192 28 9549
1625188970980 28 9599
1625189017210 28 9649
1625189025114 28 9656
1625189082604 28 9656
1625189154605 29 9699
1625189210448 29 9749
1625189260790 29 9799
1625189310946 29 9849
1625189361459 29 9899
1625189410123 29 9949
1625189448258 29 9989
1625189507392 29 9989
1625189538364 30 9999
1625189599528 30 10049
1625189651725 30 10099
1625189706540 30 10149
1625189758726 30 10199
1625189812471 30 10249
1625189860930 30 10299
1625189884103 30 10322
1625189945506 30 10322
1625190001962 31 10349
1625190068427 31 10399
1625190140790 31 10449
1625190195072 31 10499
1625190249916 31 10549
1625190302211 31 10599
1625190348610 31 10649
1625190355687 31 10655
1625190424066 31 10655
1625190503884 32 10699
1625190578891 32 10749
1625190631381 32 10799
1625190683155 32 10849
1625190735321 32 10899
1625190784622 32 10949
1625190822733 32 10988
1625190886783 32 10988
1625190925090 33 10999
1625190981360 33 11049
1625191066709 33 11099
1625191119290 33 11149
1625191172408 33 11199
1625191224208 33 11249
1625191271958 33 11299
1625191294215 33 11321
1625191356025 33 11321
1625191414305 34 11349
1625191485307 34 11399
1625191542190 34 11449
1625191594727 34 11499
1625191647801 34 11549
1625191699285 34 11599
1625191745677 34 11649
1625191752331 34 11654
1625191821642 34 11654
1625191898806 35 11699
1625191970391 35 11749
1625192024041 35 11799
1625192076254 35 11849
1625192128406 35 11899
1625192178752 35 11949
1625192215879 35 11987
1625192276308 35 11987
1625192317984 36 11999
1625192371562 36 12049
1625192424727 36 12099
1625192476208 36 12149
1625192529154 36 12199
1625192581356 36 12249
1625192628761 36 12299
1625192649830 36 12320
1625192713038 36 12320
1625192775015 37 12349
1625192828393 37 12399
1625192880815 37 12449
1625192933429 37 12499
1625192986892 37 12549
1625193038817 37 12599
1625193090213 37 12649
1625193095917 37 12653
1625193159422 37 12653
1625193250786 38 12699
1625193306893 38 12749
1625193360557 38 12799
1625193412581 38 12849
1625193465877 38 12899
1625193515320 38 12949
1625193551616 38 12986
1625193619257 38 12986
1625193660823 39 12999
1625193727357 39 13049
1625193794650 39 13099
1625193848338 39 13149
1625193901102 39 13199
1625193953871 39 13249
1625194001305 39 13299
1625194021348 39 13319
1625194084355 39 13319
1625194145187 40 13349
1625194213032 40 13399
1625194266288 40 13449
1625194320717 40 13499
1625194372171 40 13549
1625194424504 40 13599
1625194470878 40 13649
1625194475663 40 13652
1625194537670 40 13652
1625194625248 41 13699
1625194681047 41 13749
1625194733885 41 13799
1625194785308 41 13849
1625194839130 41 13899
1625194888491 41 13949
1625194923463 41 13985
1625194986562 41 13985
1625195027217 42 13999
1625195085650 42 14049
1625195164029 42 14099
1625195251335 42 14149
1625195327735 42 14199
1625195381959 42 14249
1625195429193 42 14299
1625195448566 42 14318
1625195510834 42 14318
1625195574470 43 14349
1625195639043 43 14399
1625195722672 43 14449
1625195803492 43 14499
1625195858038 43 14549
1625195927636 43 14599
1625195977598 43 14649
1625195981300 43 14651
1625196038251 43 14651
1625196129164 44 14699
1625196197433 44 14749
1625196254548 44 14799
1625196311952 44 14849
1625196364399 44 14899
1625196414323 44 14949
1625196448719 44 14984
1625196509508 44 14984
1625196548242 45 14999
1625196615330 45 15049
1625196679713 45 15099
1625196734072 45 15149
1625196789905 45 15199
1625196846036 45 15249
1625196893474 45 15299
1625196911945 45 15317
1625196977301 45 15317
1625197041483 46 15349
1625197114147 46 15399
1625197166507 46 15449
1625197223739 46 15499
1625197276269 46 15549
1625197334760 46 15599
1625197381293 46 15649
1625197384349 46 15650
1625197446992 46 15650
1625197534400 47 15699
1625197588159 47 15749
1625197640647 47 15799
1625197693901 47 15849
1625197746976 47 15899
1625197796114 47 15949
1625197829509 47 15983
1625197893804 47 15983
1625197939739 48 15999
1625198003096 48 16049
1625198071187 48 16099
1625198123128 48 16149
1625198173969 48 16199
1625198224286 48 16249
1625198271196 48 16299
1625198288095 48 16316
1625198346388 48 16316
1625198413103 49 16349
1625198463883 49 16399
1625198514334 49 16449
1625198564658 49 16499
1625198614394 49 16549
1625198665487 49 16599
1625198713114 49 16649
1625198713460 49 16649
1625198771601 49 16649
