1625177294149 0.6929652690887451 332
1625177349838 0.6929652690887451 0
1625177714164 0.6651349067687988 665
1625177767486 0.6651349067687988 1
1625178119745 0.6410720944404602 998
1625178173490 0.6410720944404602 2
1625178528854 0.6165876388549805 1331
1625178587133 0.6165876388549805 3
1625178953922 0.5905764698982239 1664
1625179008616 0.5905764698982239 4
1625179368589 0.5735446810722351 1997
1625179423766 0.5735446810722351 5
1625179785960 0.5610346794128418 2330
1625179840723 0.5610346794128418 6
1625180210474 0.5532267093658447 2663
1625180262311 0.5532267093658447 7
1625180621710 0.5464465022087097 2996
1625180676983 0.5464465022087097 8
1625181040048 0.545068085193634 3329
1625181092267 0.545068085193634 9
1625181455196 0.5381540060043335 3662
1625181509196 0.5381540060043335 10
1625181876353 0.5363743305206299 3995
1625181928980 0.5363743305206299 11
1625182295572 0.534654438495636 4328
1625182346154 0.534654438495636 12
1625182710473 0.5326257348060608 4661
1625182768281 0.5326257348060608 13
1625183132567 0.5310951471328735 4994
1625183190199 0.5310951471328735 14
1625183557437 0.5288141965866089 5327
1625183618033 0.5288141965866089 15
1625183985177 0.526395320892334 5660
1625184043794 0.526395320892334 16
1625184403804 0.5275412797927856 5993
1625184461364 0.5275412797927856 17
1625184820396 0.5249701142311096 6326
1625184875746 0.5249701142311096 18
1625185242384 0.5231102705001831 6659
1625185297683 0.5231102705001831 19
1625185663357 0.5217957496643066 6992
1625185722295 0.5217957496643066 20
1625186085882 0.5233631730079651 7325
1625186143757 0.5233631730079651 21
1625186507584 0.5220175385475159 7658
1625186566426 0.5220175385475159 22
1625186930174 0.5197737812995911 7991
1625186987709 0.5197737812995911 23
1625187350015 0.520462691783905 8324
1625187407704 0.520462691783905 24
1625187773169 0.5177134871482849 8657
1625187830725 0.5177134871482849 25
1625188190341 0.5178667306900024 8990
1625188244777 0.5178667306900024 26
1625188606554 0.5185341835021973 9323
1625188659377 0.5185341835021973 27
1625189025114 0.5165908932685852 9656
1625189082538 0.5165908932685852 28
1625189448258 0.5162910223007202 9989
1625189507131 0.5162910223007202 29
1625189884103 0.5153923630714417 10322
1625189945394 0.5153923630714417 30
1625190355687 0.5162400007247925 10655
1625190423978 0.5162400007247925 31
1625190822733 0.5171048045158386 10988
1625190886703 0.5171048045158386 32
1625191294215 0.5141000151634216 11321
1625191355966 0.5141000151634216 33
1625191752331 0.5142230987548828 11654
1625191821371 0.5142230987548828 34
1625192215879 0.5130248069763184 11987
1625192276239 0.5130248069763184 35
1625192649830 0.5121995210647583 12320
1625192712882 0.5121995210647583 36
1625193095917 0.5102990865707397 12653
1625193159192 0.5102990865707397 37
1625193551616 0.5104661583900452 12986
1625193619107 0.5104661583900452 38
1625194021348 0.5108104348182678 13319
1625194084122 0.5108104348182678 39
1625194475663 0.5103126168251038 13652
1625194537600 0.5103126168251038 40
1625194923463 0.5106392502784729 13985
1625194986442 0.5106392502784729 41
1625195448566 0.5112676620483398 14318
1625195510718 0.5112676620483398 42
1625195981300 0.5100757479667664 14651
1625196038158 0.5100757479667664 43
1625196448719 0.5098369717597961 14984
1625196509207 0.5098369717597961 44
1625196911945 0.5099124312400818 15317
1625196977234 0.5099124312400818 45
1625197384349 0.5088173747062683 15650
1625197446868 0.5088173747062683 46
1625197829509 0.510267436504364 15983
1625197893653 0.510267436504364 47
1625198288095 0.5080085396766663 16316
1625198346332 0.5080085396766663 48
1625198713460 0.5118392705917358 16649
1625198771354 0.5118392705917358 49
