1625177001128 0.693178117275238 49
1625177065317 0.6933071613311768 99
1625177115133 0.6933333873748779 149
1625177165118 0.6932753920555115 199
1625177215231 0.6926975846290588 249
1625177262867 0.6924849152565002 299
1625177349838 0.7159161567687988 0
1625177390762 0.6926937103271484 349
1625177451755 0.6817625164985657 399
1625177502003 0.6595101356506348 449
1625177552109 0.6563500761985779 499
1625177602088 0.6584149599075317 549
1625177651928 0.6871681213378906 599
1625177698464 0.6475913524627686 649
1625177767486 0.6077597737312317 1
1625177824588 0.6529855728149414 699
1625177874555 0.646375298500061 749
1625177925288 0.6367473006248474 799
1625177974862 0.6547225713729858 849
1625178024365 0.6454625725746155 899
1625178073449 0.6461594104766846 949
1625178173490 0.7952958941459656 2
1625178195592 0.597973108291626 999
1625178250234 0.6338919401168823 1049
1625178300677 0.6147865056991577 1099
1625178350680 0.5931721925735474 1149
1625178400413 0.6089019179344177 1199
1625178450320 0.6164031028747559 1249
1625178498253 0.5730786323547363 1299
1625178587133 0.7006533145904541 3
1625178634553 0.5935786962509155 1349
1625178692194 0.6006804704666138 1399
1625178742602 0.5753676891326904 1449
1625178792432 0.5841096639633179 1499
1625178842719 0.5714777112007141 1549
1625178892547 0.5945179462432861 1599
1625178938987 0.6011543273925781 1649
1625179008616 0.5666237473487854 4
1625179067902 0.5973373651504517 1699
1625179122660 0.5705515742301941 1749
1625179173146 0.5538337230682373 1799
1625179223643 0.5781632661819458 1849
1625179273982 0.5857183933258057 1899
1625179323192 0.5568662285804749 1949
1625179423766 0.6133013367652893 5
1625179450651 0.5838630199432373 1999
1625179506833 0.5989815592765808 2049
1625179557759 0.5492860674858093 2099
1625179607976 0.5610283613204956 2149
1625179658129 0.5302050113677979 2199
1625179708487 0.5757324695587158 2249
1625179756162 0.5556937456130981 2299
1625179840723 0.3426428735256195 6
1625179878939 0.5821881294250488 2349
1625179937894 0.564814031124115 2399
1625179997139 0.5830114483833313 2449
1625180047950 0.5556480884552002 2499
1625180099521 0.5691602230072021 2549
1625180149888 0.5681197643280029 2599
1625180196289 0.5360057353973389 2649
1625180262311 0.7064222097396851 7
1625180325428 0.5370984077453613 2699
1625180375989 0.550276517868042 2749
1625180426774 0.5522217750549316 2799
1625180477451 0.5104061365127563 2849
1625180528079 0.5360031127929688 2899
1625180577217 0.5374540090560913 2949
1625180676983 0.6190204620361328 8
1625180700792 0.5805219411849976 2999
1625180762229 0.5712234973907471 3049
1625180812265 0.527205228805542 3099
1625180863287 0.5287623405456543 3149
1625180912961 0.5386114716529846 3199
1625180963622 0.5355429649353027 3249
1625181011231 0.5216084718704224 3299
1625181092267 0.524253249168396 9
1625181144039 0.5355589389801025 3349
1625181194082 0.5709129571914673 3399
1625181244401 0.5235143899917603 3449
1625181294793 0.5275397300720215 3499
1625181345212 0.528729259967804 3549
1625181395783 0.514777660369873 3599
1625181442048 0.5179114937782288 3649
1625181509196 0.3180844187736511 10
1625181574076 0.5353145599365234 3699
1625181631367 0.5591623783111572 3749
1625181681804 0.5208746194839478 3799
1625181732436 0.4998418986797333 3849
1625181782399 0.5153695344924927 3899
1625181832712 0.5245352983474731 3949
1625181928980 0.3412500321865082 11
1625181958851 0.5445476770401001 3999
1625182019144 0.5526156425476074 4049
1625182069576 0.5220119953155518 4099
1625182119880 0.5390303134918213 4149
1625182169974 0.5244650840759277 4199
1625182220346 0.5531709790229797 4249
1625182267603 0.5398895740509033 4299
1625182346154 0.5218292474746704 12
1625182387782 0.4995136857032776 4349
1625182450785 0.540374755859375 4399
1625182501173 0.5283482670783997 4449
1625182551443 0.5418370962142944 4499
1625182601506 0.5200688242912292 4549
1625182651996 0.541002631187439 4599
1625182698188 0.5089260339736938 4649
1625182768281 0.601230800151825 13
1625182838924 0.54765385389328 4699
1625182889285 0.5353698134422302 4749
1625182940420 0.5101751685142517 4799
1625182990541 0.5109989643096924 4849
1625183040831 0.5281077027320862 4899
1625183089773 0.5603579878807068 4949
1625183190199 0.5035651922225952 14
1625183217069 0.5188969373703003 4999
1625183274891 0.5308098793029785 5049
1625183328757 0.5431842803955078 5099
1625183380110 0.5810473561286926 5149
1625183430753 0.5361239910125732 5199
1625183481937 0.5354946851730347 5249
1625183530433 0.5021173357963562 5299
1625183618033 0.6632726788520813 15
1625183660360 0.549501895904541 5349
1625183724188 0.5174415111541748 5399
1625183775682 0.4816577136516571 5449
1625183826688 0.5192733407020569 5499
1625183877557 0.5287238359451294 5549
1625183927687 0.5322191715240479 5599
1625183973884 0.5321803092956543 5649
1625184043794 0.6799262762069702 16
1625184112286 0.5246939659118652 5699
1625184162471 0.5643223524093628 5749
1625184213424 0.5202875733375549 5799
1625184263566 0.528559684753418 5849
1625184313422 0.5114761590957642 5899
1625184362031 0.487129271030426 5949
1625184461364 0.360580176115036 17
1625184488655 0.5670613050460815 5999
1625184544150 0.5132549405097961 6049
1625184595073 0.5378581881523132 6099
1625184646149 0.5221526622772217 6149
1625184696240 0.529079020023346 6199
1625184746581 0.5127531886100769 6249
1625184794320 0.5259259939193726 6299
1625184875746 0.512679934501648 18
1625184920987 0.5121573805809021 6349
1625184983297 0.5099174976348877 6399
1625185034403 0.5188341736793518 6449
1625185084687 0.5697385668754578 6499
1625185135465 0.510327935218811 6549
1625185185537 0.5774480700492859 6599
1625185231803 0.5192306041717529 6649
1625185297683 0.7137745022773743 19
1625185371983 0.5756516456604004 6699
1625185422072 0.5306217670440674 6749
1625185472837 0.5221751928329468 6799
1625185523031 0.5539621710777283 6849
1625185573323 0.5162681937217712 6899
1625185622362 0.4871734380722046 6949
1625185722295 0.5083063840866089 20
1625185755189 0.538749635219574 6999
1625185812423 0.5016216039657593 7049
1625185862469 0.542235255241394 7099
1625185912682 0.5660896301269531 7149
1625185962719 0.5350006818771362 7199
1625186013341 0.5016191601753235 7249
1625186060718 0.507838249206543 7299
1625186143757 0.22351275384426117 21
1625186198197 0.5360615849494934 7349
1625186251398 0.534103274345398 7399
1625186302022 0.5082584619522095 7449
1625186351827 0.5260854959487915 7499
1625186401943 0.5126262903213501 7549
1625186451968 0.5236889123916626 7599
1625186498139 0.5052605867385864 7649
1625186566426 0.4710676074028015 22
1625186638728 0.5252450704574585 7699
1625186688696 0.4979392886161804 7749
1625186740037 0.509559154510498 7799
1625186790881 0.5206804275512695 7849
1625186841524 0.5308515429496765 7899
1625186890005 0.5153214335441589 7949
1625186987709 0.4705940783023834 23
1625187023743 0.5480526089668274 7999
1625187076534 0.5211473107337952 8049
1625187126833 0.4949493110179901 8099
1625187176573 0.5618417263031006 8149
1625187226945 0.5615782141685486 8199
1625187276923 0.5258641839027405 8249
1625187324407 0.5452197194099426 8299
1625187407704 0.7380385994911194 24
1625187452989 0.511676549911499 8349
1625187517639 0.5206178426742554 8399
1625187568185 0.49170124530792236 8449
1625187618637 0.5198570489883423 8499
1625187668508 0.5205007791519165 8549
1625187718398 0.48336195945739746 8599
1625187764563 0.5455271005630493 8649
1625187830725 0.6467289924621582 25
1625187901877 0.5228003859519958 8699
1625187951690 0.5130782127380371 8749
1625188002466 0.4996599555015564 8799
1625188052762 0.5259919762611389 8849
1625188103136 0.5296756029129028 8899
1625188151333 0.5043252110481262 8949
1625188244777 0.5854377746582031 26
1625188276659 0.5148586630821228 8999
1625188332785 0.511169970035553 9049
1625188383547 0.5296262502670288 9099
1625188434520 0.5285815596580505 9149
1625188485066 0.5588039755821228 9199
1625188535827 0.5135097503662109 9249
1625188583164 0.5387102365493774 9299
1625188659377 0.436266154050827 27
1625188714671 0.5381430387496948 9349
1625188770432 0.47113317251205444 9399
1625188821027 0.5003343820571899 9449
1625188871476 0.5161314010620117 9499
1625188921192 0.5147181749343872 9549
1625188970980 0.5601428747177124 9599
1625189017210 0.5120530128479004 9649
1625189082538 0.5577300786972046 28
1625189154605 0.4996078610420227 9699
1625189210448 0.4993453919887543 9749
1625189260790 0.5090829133987427 9799
1625189310946 0.529793381690979 9849
1625189361459 0.5162979364395142 9899
1625189410123 0.5030993819236755 9949
1625189507131 0.34926939010620117 29
1625189538364 0.5438512563705444 9999
1625189599528 0.5068708658218384 10049
1625189651725 0.5168684720993042 10099
1625189706540 0.5042855143547058 10149
1625189758726 0.511886715888977 10199
1625189812471 0.5476222634315491 10249
1625189860930 0.4991006851196289 10299
1625189945394 0.5758134126663208 30
1625190001962 0.517775297164917 10349
1625190068427 0.47395649552345276 10399
1625190140790 0.5070793628692627 10449
1625190195072 0.5449307560920715 10499
1625190249916 0.5113587379455566 10549
1625190302211 0.5536818504333496 10599
1625190348610 0.5158021450042725 10649
1625190423978 0.426582396030426 31
1625190503884 0.4973374009132385 10699
1625190578891 0.5590751767158508 10749
1625190631381 0.5092479586601257 10799
1625190683155 0.5381629467010498 10849
1625190735321 0.5023969411849976 10899
1625190784622 0.5150002241134644 10949
1625190886703 0.46736443042755127 32
1625190925090 0.47008055448532104 10999
1625190981360 0.5148627758026123 11049
1625191066709 0.5094191431999207 11099
1625191119290 0.5615361928939819 11149
1625191172408 0.5158704519271851 11199
1625191224208 0.516812801361084 11249
1625191271958 0.490322470664978 11299
1625191355966 0.4147738516330719 33
1625191414305 0.5173075199127197 11349
1625191485307 0.4807514548301697 11399
1625191542190 0.5360307693481445 11449
1625191594727 0.5035914778709412 11499
1625191647801 0.5326617956161499 11549
1625191699285 0.5197681188583374 11599
1625191745677 0.5333238840103149 11649
1625191821371 0.43232065439224243 34
1625191898806 0.5293748378753662 11699
1625191970391 0.5093362331390381 11749
1625192024041 0.48804229497909546 11799
1625192076254 0.49966639280319214 11849
1625192128406 0.4809468984603882 11899
1625192178752 0.5311728119850159 11949
1625192276239 0.6509890556335449 35
1625192317984 0.5333994626998901 11999
1625192371562 0.4876120686531067 12049
1625192424727 0.5040857195854187 12099
1625192476208 0.5023161172866821 12149
1625192529154 0.4958927035331726 12199
1625192581356 0.4921661615371704 12249
1625192628761 0.5594770908355713 12299
1625192712882 0.4511913061141968 36
1625192775015 0.5047975778579712 12349
1625192828393 0.5380374193191528 12399
1625192880815 0.4950867295265198 12449
1625192933429 0.5079549551010132 12499
1625192986892 0.5043896436691284 12549
1625193038817 0.4906979203224182 12599
1625193090213 0.47252920269966125 12649
1625193159192 0.43795162439346313 37
1625193250786 0.5559254288673401 12699
1625193306893 0.4904857277870178 12749
1625193360557 0.5299316644668579 12799
1625193412581 0.4809652268886566 12849
1625193465877 0.5336630344390869 12899
1625193515320 0.5133423805236816 12949
1625193619107 0.6477041244506836 38
1625193660823 0.5073163509368896 12999
1625193727357 0.5338529944419861 13049
1625193794650 0.5068402886390686 13099
1625193848338 0.5205987095832825 13149
1625193901102 0.5497491955757141 13199
1625193953871 0.5295062065124512 13249
1625194001305 0.4941004812717438 13299
1625194084122 0.5581506490707397 39
1625194145187 0.5394855737686157 13349
1625194213032 0.53196781873703 13399
1625194266288 0.5398629307746887 13449
1625194320717 0.4709278345108032 13499
1625194372171 0.5257190465927124 13549
1625194424504 0.48677384853363037 13599
1625194470878 0.5234788060188293 13649
1625194537600 0.6883004903793335 40
1625194625248 0.47716984152793884 13699
1625194681047 0.49513065814971924 13749
1625194733885 0.5156766176223755 13799
1625194785308 0.5498301982879639 13849
1625194839130 0.5169082880020142 13899
1625194888491 0.5292329788208008 13949
1625194986442 0.6360881924629211 41
1625195027217 0.48233428597450256 13999
1625195085650 0.5072454214096069 14049
1625195164029 0.5404646396636963 14099
1625195251335 0.4977048635482788 14149
1625195327735 0.53148353099823 14199
1625195381959 0.49845924973487854 14249
1625195429193 0.47100692987442017 14299
1625195510718 0.47964364290237427 42
1625195574470 0.4851558208465576 14349
1625195639043 0.518034040927887 14399
1625195722672 0.49297505617141724 14449
1625195803492 0.5486742854118347 14499
1625195858038 0.5135273337364197 14549
1625195927636 0.5045290589332581 14599
1625195977598 0.5281301736831665 14649
1625196038158 0.4060071110725403 43
1625196129164 0.48401209712028503 14699
1625196197433 0.4976276159286499 14749
1625196254548 0.5112206935882568 14799
1625196311952 0.5136129260063171 14849
1625196364399 0.5619804859161377 14899
1625196414323 0.5124157667160034 14949
1625196509207 0.47477826476097107 44
1625196548242 0.4928639531135559 14999
1625196615330 0.522140383720398 15049
1625196679713 0.4923657476902008 15099
1625196734072 0.5039860606193542 15149
1625196789905 0.5148007869720459 15199
1625196846036 0.49749863147735596 15249
1625196893474 0.49358034133911133 15299
1625196977234 0.7188357710838318 45
1625197041483 0.524009108543396 15349
1625197114147 0.5239253044128418 15399
1625197166507 0.5614596605300903 15449
1625197223739 0.5572711229324341 15499
1625197276269 0.5085235834121704 15549
1625197334760 0.5047218799591064 15599
1625197381293 0.5243434906005859 15649
1625197446868 0.31435737013816833 46
1625197534400 0.48892009258270264 15699
1625197588159 0.4912715256214142 15749
1625197640647 0.5114725828170776 15799
1625197693901 0.5113145709037781 15849
1625197746976 0.5202938318252563 15899
1625197796114 0.5085859894752502 15949
1625197893653 0.6361840963363647 47
1625197939739 0.5128107070922852 15999
1625198003096 0.531082272529602 16049
1625198071187 0.4834972321987152 16099
1625198123128 0.5057360529899597 16149
1625198173969 0.49033311009407043 16199
1625198224286 0.5038111805915833 16249
1625198271196 0.5065321922302246 16299
1625198346332 0.4644150733947754 48
1625198413103 0.5128346681594849 16349
1625198463883 0.49102291464805603 16399
1625198514334 0.5218437314033508 16449
1625198564658 0.48395901918411255 16499
1625198614394 0.48084914684295654 16549
1625198665487 0.5051692724227905 16599
1625198713114 0.48040321469306946 16649
1625198771354 0.48040321469306946 49
