1625177349838 0.7159161567687988 0
1625177767486 0.6077597737312317 1
1625178173490 0.7952958941459656 2
1625178587133 0.7006533145904541 3
1625179008616 0.5666237473487854 4
1625179423766 0.6133013367652893 5
1625179840723 0.3426428735256195 6
1625180262311 0.7064222097396851 7
1625180676983 0.6190204620361328 8
1625181092267 0.524253249168396 9
1625181509196 0.3180844187736511 10
1625181928980 0.3412500321865082 11
1625182346154 0.5218292474746704 12
1625182768281 0.601230800151825 13
1625183190199 0.5035651922225952 14
1625183618033 0.6632726788520813 15
1625184043794 0.6799262762069702 16
1625184461364 0.360580176115036 17
1625184875746 0.512679934501648 18
1625185297683 0.7137745022773743 19
1625185722295 0.5083063840866089 20
1625186143757 0.22351275384426117 21
1625186566426 0.4710676074028015 22
1625186987709 0.4705940783023834 23
1625187407704 0.7380385994911194 24
1625187830725 0.6467289924621582 25
1625188244777 0.5854377746582031 26
1625188659377 0.436266154050827 27
1625189082538 0.5577300786972046 28
1625189507131 0.34926939010620117 29
1625189945394 0.5758134126663208 30
1625190423978 0.426582396030426 31
1625190886703 0.46736443042755127 32
1625191355966 0.4147738516330719 33
1625191821371 0.43232065439224243 34
1625192276239 0.6509890556335449 35
1625192712882 0.4511913061141968 36
1625193159192 0.43795162439346313 37
1625193619107 0.6477041244506836 38
1625194084122 0.5581506490707397 39
1625194537600 0.6883004903793335 40
1625194986442 0.6360881924629211 41
1625195510718 0.47964364290237427 42
1625196038158 0.4060071110725403 43
1625196509207 0.47477826476097107 44
1625196977234 0.7188357710838318 45
1625197446868 0.31435737013816833 46
1625197893653 0.6361840963363647 47
1625198346332 0.4644150733947754 48
1625198771354 0.48040321469306946 49
