1623617780798 0 49
1623617873417 0 99
1623617974175 0 149
1623618059842 0 199
1623618143558 0 249
1623618226009 0 299
1623618268150 0 332
1623618370473 0 332
1623618428274 1 349
1623618519395 1 399
1623618607129 1 449
1623618699488 1 499
1623618797827 1 549
1623618887278 1 599
1623618976446 1 649
1623618996790 1 665
1623619100999 1 665
1623619196495 2 699
1623619281778 2 749
1623619365977 2 799
1623619450956 2 849
1623619538582 2 899
1623619624588 2 949
1623619694713 2 998
1623619795063 2 998
1623619822036 3 999
1623619920747 3 1049
1623620015027 3 1099
1623620098063 3 1149
1623620182392 3 1199
1623620266762 3 1249
1623620349916 3 1299
1623620390695 3 1331
1623620489714 3 1331
1623620547827 4 1349
1623620644789 4 1399
1623620728103 4 1449
1623620812505 4 1499
1623620896254 4 1549
1623620980713 4 1599
1623621057731 4 1649
1623621076757 4 1664
1623621175969 4 1664
1623621269066 5 1699
1623621356148 5 1749
1623621440344 5 1799
1623621524549 5 1849
1623621608876 5 1899
1623621692996 5 1949
1623621760421 5 1997
1623621860300 5 1997
1623621887517 6 1999
1623621986544 6 2049
1623622069032 6 2099
1623622152989 6 2149
1623622237235 6 2199
1623622320576 6 2249
1623622404343 6 2299
1623622445817 6 2330
1623622544669 6 2330
1623622609010 7 2349
1623622696206 7 2399
1623622780472 7 2449
1623622864330 7 2499
1623622948507 7 2549
1623623032716 7 2599
1623623109421 7 2649
1623623127240 7 2663
1623623226522 7 2663
1623623326554 8 2699
1623623410294 8 2749
1623623492824 8 2799
1623623577891 8 2849
1623623662272 8 2899
1623623746879 8 2949
1623623812688 8 2996
1623623917873 8 2996
1623623949052 9 2999
1623624042944 9 3049
1623624124948 9 3099
1623624209838 9 3149
1623624292705 9 3199
1623624376115 9 3249
1623624458505 9 3299
1623624496405 9 3329
1623624592608 9 3329
1623624658892 10 3349
1623624748902 10 3399
1623624831678 10 3449
1623624916547 10 3499
1623625000951 10 3549
1623625084519 10 3599
1623625160282 10 3649
1623625176885 10 3662
1623625275945 10 3662
1623625375256 11 3699
1623625468742 11 3749
1623625558915 11 3799
1623625643030 11 3849
1623625727866 11 3899
1623625811787 11 3949
1623625875938 11 3995
1623625975843 11 3995
1623626009493 12 3999
1623626106465 12 4049
1623626188430 12 4099
1623626272589 12 4149
1623626356559 12 4199
1623626440258 12 4249
1623626522860 12 4299
1623626559492 12 4328
1623626654233 12 4328
1623626721555 13 4349
1623626811616 13 4399
1623626893565 13 4449
1623626977905 13 4499
1623627061730 13 4549
1623627146323 13 4599
1623627222695 13 4649
1623627238174 13 4661
1623627338646 13 4661
