1623617664790 0.001 0
1623618370478 0.0009990133642141358 333
1623619101004 0.000996057350657239 666
1623619795068 0.0009911436253643444 999
1623620489720 0.0009842915805643156 1332
1623621175974 0.0009755282581475769 1665
1623621860305 0.0009648882429441258 1998
1623622544674 0.0009524135262330099 2331
1623623226527 0.0009381533400219318 2664
1623623917878 0.0009221639627510075 2997
1623624592613 0.0009045084971874736 3330
1623625275950 0.0008852566213878945 3663
1623625975848 0.0008644843137107056 3996
1623626654238 0.0008422735529643443 4329
