1623617780798 0.6929967403411865 49
1623617873417 0.693104088306427 99
1623617974175 0.6931694746017456 149
1623618059842 0.6932145357131958 199
1623618143558 0.6931616067886353 249
1623618226009 0.6931663155555725 299
1623618370444 0.6930239200592041 0
1623618428274 0.693295419216156 349
1623618519395 0.6931630969047546 399
1623618607129 0.6931620240211487 449
1623618699488 0.6931060552597046 499
1623618797827 0.6931266784667969 549
1623618887278 0.6931390762329102 599
1623618976446 0.6931836605072021 649
1623619100970 0.6932754516601562 1
1623619196495 0.6931685209274292 699
1623619281778 0.6932109594345093 749
1623619365977 0.6931493282318115 799
1623619450956 0.6931257843971252 849
1623619538582 0.6931290030479431 899
1623619624588 0.6931366324424744 949
1623619795039 0.6931765079498291 2
1623619822036 0.6931476593017578 999
1623619920747 0.6931625604629517 1049
1623620015027 0.6931480765342712 1099
1623620098063 0.6931285262107849 1149
1623620182392 0.6931425333023071 1199
1623620266762 0.693139910697937 1249
1623620349916 0.6931290626525879 1299
1623620489685 0.6930269002914429 3
1623620547827 0.6931312084197998 1349
1623620644789 0.6930876970291138 1399
1623620728103 0.6931174397468567 1449
1623620812505 0.6931523084640503 1499
1623620896254 0.6931384801864624 1549
1623620980713 0.6931520700454712 1599
1623621057731 0.6931567192077637 1649
1623621175863 0.6931990385055542 4
1623621269066 0.693147599697113 1699
1623621356148 0.6931435465812683 1749
1623621440344 0.6931483745574951 1799
1623621524549 0.693142831325531 1849
1623621608876 0.6931615471839905 1899
1623621692996 0.6931578516960144 1949
1623621860271 0.693153440952301 5
1623621887517 0.6931487321853638 1999
1623621986544 0.6931623220443726 2049
1623622069032 0.6931641101837158 2099
1623622152989 0.6931484341621399 2149
1623622237235 0.6931384801864624 2199
1623622320576 0.6931517124176025 2249
1623622404343 0.6931568384170532 2299
1623622544586 0.6931560039520264 6
1623622609010 0.6931565999984741 2349
1623622696206 0.6931474804878235 2399
1623622780472 0.6931493282318115 2449
1623622864330 0.6931506395339966 2499
1623622948507 0.6931527853012085 2549
1623623032716 0.6931475400924683 2599
1623623109421 0.6931478381156921 2649
1623623226493 0.6931819915771484 7
1623623326554 0.6931484937667847 2699
1623623410294 0.6931511163711548 2749
1623623492824 0.6931498050689697 2799
1623623577891 0.6931480169296265 2849
1623623662272 0.6931456327438354 2899
1623623746879 0.6931472420692444 2949
1623623917843 0.6931079626083374 8
1623623949052 0.6931483745574951 2999
1623624042944 0.6931527853012085 3049
1623624124948 0.6931482553482056 3099
1623624209838 0.6931580305099487 3149
1623624292705 0.6931438446044922 3199
1623624376115 0.6931496262550354 3249
1623624458505 0.6931495666503906 3299
1623624592423 0.6931582093238831 9
1623624658892 0.6931424140930176 3349
1623624748902 0.6931465864181519 3399
1623624831678 0.6931474804878235 3449
1623624916547 0.6931464672088623 3499
1623625000951 0.6931485533714294 3549
1623625084519 0.6931471824645996 3599
1623625160282 0.6931475400924683 3649
1623625275916 0.6931486129760742 10
1623625375256 0.6931472420692444 3699
1623625468742 0.6931480169296265 3749
1623625558915 0.693147599697113 3799
1623625643030 0.6931476593017578 3849
1623625727866 0.6931475400924683 3899
1623625811787 0.6931473612785339 3949
1623625975814 0.6931500434875488 11
1623626009493 0.6931455731391907 3999
1623626106465 0.6931471824645996 4049
1623626188430 0.6931477785110474 4099
1623626272589 0.6931486129760742 4149
1623626356559 0.6931470036506653 4199
1623626440258 0.6931458115577698 4249
1623626522860 0.6931461691856384 4299
1623626654204 0.6931771039962769 12
1623626721555 0.6931469440460205 4349
1623626811616 0.6931486129760742 4399
1623626893565 0.6931478977203369 4449
1623626977905 0.6931462287902832 4499
1623627061730 0.6931478977203369 4549
1623627146323 0.6931493878364563 4599
1623627222695 0.6931475400924683 4649
1623627338538 0.6931439638137817 13
