1623618268150 0.6931569576263428 332
1623618370444 0.6931569576263428 0
1623618996790 0.6931505799293518 665
1623619100970 0.6931505799293518 1
1623619694713 0.6931487917900085 998
1623619795039 0.6931487917900085 2
1623620390695 0.6931475400924683 1331
1623620489685 0.6931475400924683 3
1623621076757 0.6931489706039429 1664
1623621175863 0.6931489706039429 4
1623621760421 0.6931489109992981 1997
1623621860271 0.6931489109992981 5
1623622445817 0.6931477189064026 2330
1623622544586 0.6931477189064026 6
1623623127240 0.6931475400924683 2663
1623623226493 0.6931475400924683 7
1623623812688 0.6931474208831787 2996
1623623917843 0.6931474208831787 8
1623624496405 0.6931477189064026 3329
1623624592423 0.6931477189064026 9
1623625176885 0.6931474208831787 3662
1623625275916 0.6931474208831787 10
1623625875938 0.6931472420692444 3995
1623625975814 0.6931472420692444 11
1623626559492 0.6931473016738892 4328
1623626654204 0.6931473016738892 12
1623627238174 0.693147599697113 4661
1623627338538 0.693147599697113 13
