1623428826108 0 49
1623428886090 0 99
1623428945879 0 149
1623429005680 0 199
1623429065386 0 249
1623429125112 0 299
1623429184900 0 349
1623429244658 0 399
1623429304365 0 449
1623429364191 0 499
1623429423925 0 549
1623429483739 0 599
1623429543562 0 649
1623429603310 0 699
1623429663155 0 749
1623429722879 0 799
1623429782568 0 849
1623429842417 0 899
1623429902112 0 949
1623429961870 0 999
1623430021691 0 1049
1623430081591 0 1099
1623430141407 0 1149
1623430201133 0 1199
1623430260884 0 1249
1623430320657 0 1299
1623430355186 0 1328
1623430555131 0 1328
1623430587806 1 1349
1623430647576 1 1399
1623430707347 1 1449
1623430767158 1 1499
1623430827055 1 1549
1623430886971 1 1599
1623430946998 1 1649
1623431006822 1 1699
1623431066617 1 1749
1623431126408 1 1799
1623431186047 1 1849
1623431245829 1 1899
1623431305622 1 1949
1623431365451 1 1999
1623431425219 1 2049
1623431485027 1 2099
1623431544818 1 2149
1623431604646 1 2199
1623431664431 1 2249
1623431724187 1 2299
1623431783922 1 2349
1623431843694 1 2399
1623431903405 1 2449
1623431963200 1 2499
1623432022946 1 2549
1623432082768 1 2599
1623432142309 1 2649
1623432152016 1 2657
1623432351612 1 2657
1623432409578 2 2699
1623432469334 2 2749
1623432529106 2 2799
1623432588866 2 2849
1623432648723 2 2899
1623432708464 2 2949
1623432768298 2 2999
1623432828066 2 3049
1623432887840 2 3099
1623432947570 2 3149
1623433007323 2 3199
1623433067068 2 3249
1623433126865 2 3299
1623433186613 2 3349
1623433246458 2 3399
1623433306361 2 3449
1623433366147 2 3499
1623433425872 2 3549
1623433485668 2 3599
1623433545560 2 3649
1623433605393 2 3699
1623433665182 2 3749
1623433724927 2 3799
1623433784673 2 3849
1623433844469 2 3899
1623433904242 2 3949
1623433949405 2 3986
1623434149489 2 3986
1623434172723 3 3999
1623434232617 3 4049
1623434292382 3 4099
1623434352172 3 4149
1623434411928 3 4199
1623434471804 3 4249
1623434531618 3 4299
1623434591418 3 4349
1623434651204 3 4399
1623434710968 3 4449
1623434770704 3 4499
1623434830587 3 4549
1623434890376 3 4599
1623434950224 3 4649
1623435010097 3 4699
1623435069887 3 4749
1623435129739 3 4799
1623435189638 3 4849
1623435249476 3 4899
1623435309271 3 4949
1623435369053 3 4999
1623435428813 3 5049
1623435488667 3 5099
1623435548440 3 5149
1623435608279 3 5199
1623435668061 3 5249
1623435727728 3 5299
1623435747153 3 5315
1623435947748 3 5315
1623435996058 4 5349
1623436055857 4 5399
1623436115690 4 5449
1623436175526 4 5499
1623436235298 4 5549
1623436295114 4 5599
1623436354914 4 5649
1623436414663 4 5699
1623436474405 4 5749
1623436534163 4 5799
1623436593931 4 5849
1623436653710 4 5899
1623436713513 4 5949
1623436773368 4 5999
1623436833196 4 6049
1623436893031 4 6099
1623436952894 4 6149
1623437012691 4 6199
1623437072515 4 6249
1623437132316 4 6299
1623437192048 4 6349
1623437251824 4 6399
1623437311704 4 6449
1623437371472 4 6499
1623437431337 4 6549
1623437491169 4 6599
1623437544989 4 6644
1623437744900 4 6644
1623437759378 5 6649
1623437819471 5 6699
1623437879555 5 6749
1623437939626 5 6799
1623437999612 5 6849
1623438059437 5 6899
1623438119270 5 6949
1623438179213 5 6999
1623438238957 5 7049
1623438298762 5 7099
1623438358534 5 7149
1623438418323 5 7199
1623438478106 5 7249
1623438537896 5 7299
1623438597676 5 7349
1623438657503 5 7399
1623438717307 5 7449
1623438777094 5 7499
1623438836856 5 7549
1623438896591 5 7599
1623438956398 5 7649
1623439016158 5 7699
1623439075956 5 7749
1623439135808 5 7799
1623439195591 5 7849
1623439255430 5 7899
1623439315334 5 7949
1623439344234 5 7973
1623439545137 5 7973
1623439584549 6 7999
1623439644425 6 8049
1623439704176 6 8099
1623439763988 6 8149
1623439823776 6 8199
1623439883510 6 8249
1623439943312 6 8299
1623440003083 6 8349
1623440062815 6 8399
1623440122571 6 8449
1623440182308 6 8499
1623440242122 6 8549
1623440301974 6 8599
1623440361814 6 8649
1623440421627 6 8699
1623440481438 6 8749
1623440541200 6 8799
1623440601019 6 8849
1623440660836 6 8899
1623440720690 6 8949
1623440780479 6 8999
1623440840253 6 9049
1623440900073 6 9099
1623440959879 6 9149
1623441019635 6 9199
1623441079489 6 9249
1623441139032 6 9299
1623441143032 6 9302
1623441343310 6 9302
1623441408407 7 9349
1623441468234 7 9399
1623441528114 7 9449
1623441587881 7 9499
1623441647644 7 9549
1623441707441 7 9599
1623441767197 7 9649
1623441826976 7 9699
1623441886803 7 9749
1623441946508 7 9799
1623442006271 7 9849
1623442066141 7 9899
1623442125931 7 9949
1623442185756 7 9999
1623442245544 7 10049
1623442305258 7 10099
1623442365126 7 10149
1623442424955 7 10199
1623442484707 7 10249
1623442544507 7 10299
1623442604335 7 10349
1623442664195 7 10399
1623442723956 7 10449
1623442783760 7 10499
1623442843506 7 10549
1623442903264 7 10599
1623442941636 7 10631
1623443141972 7 10631
1623443171844 8 10649
1623443231659 8 10699
1623443291415 8 10749
1623443351209 8 10799
1623443410977 8 10849
1623443470705 8 10899
1623443530437 8 10949
1623443590236 8 10999
1623443650002 8 11049
1623443709703 8 11099
1623443769452 8 11149
1623443829192 8 11199
1623443888956 8 11249
1623443948748 8 11299
1623444008541 8 11349
1623444068361 8 11399
1623444128166 8 11449
1623444187920 8 11499
1623444247715 8 11549
1623444307508 8 11599
1623444367382 8 11649
1623444427273 8 11699
1623444487217 8 11749
1623444547117 8 11799
1623444606948 8 11849
1623444666696 8 11899
1623444726309 8 11949
1623444739817 8 11960
1623444940395 8 11960
1623444994850 9 11999
1623445054603 9 12049
1623445114348 9 12099
1623445174121 9 12149
1623445233928 9 12199
1623445293694 9 12249
1623445353418 9 12299
1623445415176 9 12349
1623445474977 9 12399
1623445534700 9 12449
1623445594467 9 12499
1623445654423 9 12549
1623445714229 9 12599
1623445774041 9 12649
1623445833797 9 12699
1623445893552 9 12749
1623445953306 9 12799
1623446013151 9 12849
1623446072881 9 12899
1623446132717 9 12949
1623446192649 9 12999
1623446252367 9 13049
1623446312133 9 13099
1623446371936 9 13149
1623446431737 9 13199
1623446491510 9 13249
1623446539496 9 13289
1623446740328 9 13289
1623446760260 10 13299
1623446820037 10 13349
1623446879802 10 13399
1623446939576 10 13449
1623446999315 10 13499
1623447059007 10 13549
1623447118760 10 13599
1623447178498 10 13649
1623447238224 10 13699
1623447297959 10 13749
1623447357609 10 13799
1623447417415 10 13849
1623447477296 10 13899
1623447537287 10 13949
1623447597108 10 13999
1623447656929 10 14049
1623447716751 10 14099
1623447776569 10 14149
1623447836403 10 14199
1623447896132 10 14249
1623447956045 10 14299
1623448015828 10 14349
1623448075686 10 14399
1623448135452 10 14449
1623448195240 10 14499
1623448255060 10 14549
1623448314741 10 14599
1623448337774 10 14618
1623448538113 10 14618
1623448583658 11 14649
1623448643413 11 14699
1623448703167 11 14749
1623448762903 11 14799
1623448822617 11 14849
1623448882402 11 14899
1623448942197 11 14949
1623449002022 11 14999
1623449061772 11 15049
1623449121515 11 15099
1623449181264 11 15149
1623449240995 11 15199
1623449300796 11 15249
1623449360641 11 15299
1623449420428 11 15349
1623449480159 11 15399
1623449539865 11 15449
1623449599620 11 15499
1623449659414 11 15549
1623449719184 11 15599
1623449778922 11 15649
1623449838725 11 15699
1623449898443 11 15749
1623449958271 11 15799
1623450018059 11 15849
1623450077824 11 15899
1623450135422 11 15947
1623450335729 11 15947
1623450345933 12 15949
1623450406861 12 15999
1623450466669 12 16049
1623450526474 12 16099
1623450586287 12 16149
1623450646076 12 16199
1623450705880 12 16249
1623450765655 12 16299
1623450825405 12 16349
1623450885138 12 16399
1623450944930 12 16449
1623451004644 12 16499
1623451064421 12 16549
1623451124220 12 16599
1623451184022 12 16649
1623451243901 12 16699
1623451303682 12 16749
1623451363506 12 16799
1623451423364 12 16849
1623451483138 12 16899
1623451542992 12 16949
1623451602824 12 16999
1623451662685 12 17049
1623451722477 12 17099
1623451782382 12 17149
1623451842227 12 17199
1623451902015 12 17249
1623451934587 12 17276
1623452135158 12 17276
1623452171311 13 17299
1623452231086 13 17349
1623452290884 13 17399
1623452350743 13 17449
1623452410577 13 17499
1623452470380 13 17549
1623452530194 13 17599
1623452589964 13 17649
1623452649759 13 17699
1623452709504 13 17749
1623452769254 13 17799
1623452829103 13 17849
1623452889086 13 17899
1623452948967 13 17949
1623453008776 13 17999
1623453068738 13 18049
1623453128523 13 18099
1623453188453 13 18149
1623453248340 13 18199
1623453308204 13 18249
1623453367977 13 18299
1623453427797 13 18349
1623453487569 13 18399
1623453547451 13 18449
1623453607320 13 18499
1623453667139 13 18549
1623453726726 13 18599
1623453734413 13 18605
1623453935234 13 18605
1623453995863 14 18649
1623454055718 14 18699
1623454115570 14 18749
1623454175410 14 18799
1623454235230 14 18849
1623454295010 14 18899
1623454354742 14 18949
1623454414555 14 18999
1623454474306 14 19049
1623454534065 14 19099
1623454593833 14 19149
1623454653759 14 19199
1623454713620 14 19249
1623454773423 14 19299
1623454833289 14 19349
1623454893156 14 19399
1623454952991 14 19449
1623455012863 14 19499
1623455072673 14 19549
1623455132527 14 19599
1623455192433 14 19649
1623455252259 14 19699
1623455312072 14 19749
1623455371920 14 19799
1623455431783 14 19849
1623455491595 14 19899
1623455533756 14 19934
1623455734531 14 19934
1623455760970 15 19949
1623455820817 15 19999
1623455880657 15 20049
1623455940419 15 20099
1623456000237 15 20149
1623456060007 15 20199
1623456119810 15 20249
1623456179625 15 20299
1623456239402 15 20349
1623456299189 15 20399
1623456359032 15 20449
1623456418867 15 20499
1623456478744 15 20549
1623456538656 15 20599
1623456598563 15 20649
1623456658417 15 20699
1623456718253 15 20749
1623456778098 15 20799
1623456837930 15 20849
1623456897807 15 20899
1623456957618 15 20949
1623457017471 15 20999
1623457077371 15 21049
1623457137206 15 21099
1623457197063 15 21149
1623457256908 15 21199
1623457316560 15 21249
1623457333749 15 21263
1623457534062 15 21263
1623457585490 16 21299
1623457645331 16 21349
1623457705186 16 21399
1623457765019 16 21449
1623457824836 16 21499
1623457884658 16 21549
1623457944497 16 21599
1623458004384 16 21649
1623458064338 16 21699
1623458124194 16 21749
1623458184065 16 21799
1623458244004 16 21849
1623458303929 16 21899
1623458363796 16 21949
1623458423809 16 21999
1623458483704 16 22049
1623458543580 16 22099
1623458603444 16 22149
1623458663325 16 22199
1623458723254 16 22249
1623458783136 16 22299
1623458842989 16 22349
1623458902865 16 22399
1623458962770 16 22449
1623459022823 16 22499
1623459082725 16 22549
1623459134462 16 22592
1623459335380 16 22592
1623459351775 17 22599
1623459411562 17 22649
1623459471398 17 22699
1623459531262 17 22749
1623459591087 17 22799
1623459650824 17 22849
1623459710632 17 22899
1623459770469 17 22949
1623459830363 17 22999
1623459890176 17 23049
1623459949943 17 23099
1623460009722 17 23149
1623460069582 17 23199
1623460129471 17 23249
1623460189255 17 23299
1623460249146 17 23349
1623460308944 17 23399
1623460368855 17 23449
1623460428684 17 23499
1623460488502 17 23549
1623460548356 17 23599
1623460608178 17 23649
1623460668043 17 23699
1623460727914 17 23749
1623460787767 17 23799
1623460847584 17 23849
1623460907290 17 23899
1623460933998 17 23921
1623461135184 17 23921
1623461176283 18 23949
1623461236119 18 23999
1623461295972 18 24049
1623461355822 18 24099
1623461415583 18 24149
1623461475373 18 24199
1623461535223 18 24249
1623461594980 18 24299
1623461654826 18 24349
1623461714568 18 24399
1623461774322 18 24449
1623461834099 18 24499
1623461893957 18 24549
1623461953858 18 24599
1623462013688 18 24649
1623462073532 18 24699
1623462133357 18 24749
1623462193158 18 24799
1623462252912 18 24849
1623462312772 18 24899
1623462372685 18 24949
1623462432486 18 24999
1623462492330 18 25049
1623462552166 18 25099
1623462612023 18 25149
1623462671798 18 25199
1623462731328 18 25249
1623462733129 18 25250
1623462934193 18 25250
1623463001512 19 25299
1623463061314 19 25349
1623463121103 19 25399
1623463180938 19 25449
1623463240733 19 25499
1623463300484 19 25549
1623463360271 19 25599
1623463420136 19 25649
1623463479921 19 25699
1623463539713 19 25749
1623463599502 19 25799
1623463659294 19 25849
1623463719198 19 25899
1623463779011 19 25949
1623463838899 19 25999
1623463898722 19 26049
1623463958504 19 26099
1623464018316 19 26149
1623464078240 19 26199
1623464138084 19 26249
1623464197990 19 26299
1623464257789 19 26349
1623464317697 19 26399
1623464377501 19 26449
1623464437311 19 26499
1623464497223 19 26549
1623464533440 19 26579
1623464734332 19 26579
1623464766830 20 26599
1623464826709 20 26649
1623464886582 20 26699
1623464946433 20 26749
1623465006326 20 26799
1623465066158 20 26849
1623465125973 20 26899
1623465185764 20 26949
1623465245577 20 26999
1623465305376 20 27049
1623465365201 20 27099
1623465425001 20 27149
1623465484803 20 27199
1623465544633 20 27249
1623465604482 20 27299
1623465664314 20 27349
1623465724254 20 27399
1623465784041 20 27449
1623465843838 20 27499
1623465903650 20 27549
1623465963497 20 27599
1623466023257 20 27649
1623466083122 20 27699
1623466142974 20 27749
1623466202871 20 27799
1623466262628 20 27849
1623466322273 20 27899
1623466333551 20 27908
1623466535129 20 27908
1623466592809 21 27949
1623466652604 21 27999
1623466712379 21 28049
1623466772191 21 28099
1623466832016 21 28149
1623466891814 21 28199
1623466951631 21 28249
1623467011443 21 28299
1623467071282 21 28349
1623467131040 21 28399
1623467190801 21 28449
1623467250619 21 28499
1623467310513 21 28549
1623467370343 21 28599
1623467430187 21 28649
1623467489942 21 28699
1623467549723 21 28749
1623467609476 21 28799
1623467669297 21 28849
1623467729123 21 28899
1623467788903 21 28949
1623467848735 21 28999
1623467908524 21 29049
1623467968342 21 29099
1623468028162 21 29149
1623468088020 21 29199
1623468133800 21 29237
1623468334471 21 29237
1623468357011 22 29249
1623468416881 22 29299
1623468476784 22 29349
1623468536633 22 29399
1623468596475 22 29449
1623468656269 22 29499
1623468716040 22 29549
1623468775871 22 29599
1623468835669 22 29649
1623468895441 22 29699
1623468955201 22 29749
1623469014981 22 29799
1623469074823 22 29849
1623469134744 22 29899
1623469194497 22 29949
1623469254269 22 29999
1623469314040 22 30049
1623469373794 22 30099
1623469433562 22 30149
1623469493335 22 30199
1623469553098 22 30249
1623469612932 22 30299
1623469672768 22 30349
1623469732649 22 30399
1623469792483 22 30449
1623469852373 22 30499
1623469912022 22 30549
1623469932803 22 30566
1623470133672 22 30566
1623470182071 23 30599
1623470241895 23 30649
1623470301689 23 30699
1623470361509 23 30749
1623470421319 23 30799
1623470481060 23 30849
1623470540874 23 30899
1623470600654 23 30949
1623470660454 23 30999
1623470720223 23 31049
1623470780038 23 31099
1623470839790 23 31149
1623470899638 23 31199
1623470959517 23 31249
1623471019308 23 31299
1623471079149 23 31349
1623471139019 23 31399
1623471198847 23 31449
1623471258640 23 31499
1623471318493 23 31549
1623471378267 23 31599
1623471438093 23 31649
1623471497970 23 31699
1623471557843 23 31749
1623471617652 23 31799
1623471677458 23 31849
1623471732775 23 31895
1623471933822 23 31895
1623471946539 24 31899
1623472006524 24 31949
1623472066371 24 31999
1623472126191 24 32049
1623472186002 24 32099
1623472245893 24 32149
1623472305709 24 32199
1623472365587 24 32249
1623472425426 24 32299
1623472485310 24 32349
1623472545157 24 32399
1623472605027 24 32449
1623472664865 24 32499
1623472724788 24 32549
1623472784555 24 32599
1623472844400 24 32649
1623472904239 24 32699
1623472964192 24 32749
1623473024410 24 32799
1623473084509 24 32849
1623473144479 24 32899
1623473204373 24 32949
1623473264334 24 32999
1623473324496 24 33049
1623473384543 24 33099
1623473444467 24 33149
1623473504282 24 33199
1623473534578 24 33224
1623473735446 24 33224
1623473774048 25 33249
1623473833829 25 33299
1623473893700 25 33349
1623473953527 25 33399
1623474013398 25 33449
1623474073303 25 33499
1623474133424 25 33549
1623474193534 25 33599
1623474253643 25 33649
1623474313748 25 33699
1623474373854 25 33749
1623474434023 25 33799
1623474494269 25 33849
1623474554294 25 33899
1623474614291 25 33949
1623474674204 25 33999
1623474734131 25 34049
1623474794123 25 34099
1623474854215 25 34149
1623474914216 25 34199
1623474974278 25 34249
1623475034350 25 34299
1623475094421 25 34349
1623475154313 25 34399
1623475214321 25 34449
1623475274288 25 34499
1623475334011 25 34549
1623475339850 25 34553
1623475541632 25 34553
1623475604998 26 34599
1623475665069 26 34649
1623475725185 26 34699
1623475785099 26 34749
1623475845145 26 34799
1623475905161 26 34849
1623475965145 26 34899
1623476034949 26 34949
1623476112269 26 34999
1623476178961 26 35049
1623476238949 26 35099
1623476298958 26 35149
1623476358784 26 35199
1623476418575 26 35249
1623476478369 26 35299
1623476538246 26 35349
1623476598136 26 35399
1623476657971 26 35449
1623476717827 26 35499
1623476777665 26 35549
1623476837439 26 35599
1623476897292 26 35649
1623476957237 26 35699
1623477017114 26 35749
1623477076980 26 35799
1623477137008 26 35849
1623477177330 26 35882
1623477380168 26 35882
1623477409677 27 35899
1623477469473 27 35949
1623477529335 27 35999
1623477589130 27 36049
1623477648910 27 36099
1623477708774 27 36149
1623477768665 27 36199
1623477828481 27 36249
1623477888377 27 36299
1623477948192 27 36349
1623478007988 27 36399
1623478067837 27 36449
1623478127669 27 36499
1623478187672 27 36549
1623478247670 27 36599
1623478307681 27 36649
1623478367578 27 36699
1623478427495 27 36749
1623478487295 27 36799
1623478547086 27 36849
1623478606997 27 36899
1623478666863 27 36949
1623478726830 27 36999
1623478786843 27 37049
1623478846732 27 37099
1623478906687 27 37149
1623478966404 27 37199
1623478981754 27 37211
1623479183672 27 37211
1623479239080 28 37249
1623479299007 28 37299
1623479358848 28 37349
1623479418632 28 37399
1623479478420 28 37449
1623479538237 28 37499
1623479598073 28 37549
1623479657892 28 37599
1623479717702 28 37649
1623479777540 28 37699
1623479837373 28 37749
1623479897294 28 37799
1623479957217 28 37849
1623480017186 28 37899
1623480077079 28 37949
1623480137086 28 37999
1623480197012 28 38049
1623480257073 28 38099
1623480317107 28 38149
1623480377057 28 38199
1623480436945 28 38249
1623480496829 28 38299
1623480556748 28 38349
1623480616669 28 38399
1623480676568 28 38449
1623480736498 28 38499
1623480786094 28 38540
1623480986908 28 38540
1623481007236 29 38549
1623481067065 29 38599
1623481126893 29 38649
1623481186760 29 38699
1623481246618 29 38749
1623481306491 29 38799
1623481366334 29 38849
1623481426252 29 38899
1623481486119 29 38949
1623481546134 29 38999
1623481606241 29 39049
1623481666367 29 39099
1623481726419 29 39149
1623481786533 29 39199
1623481846642 29 39249
1623481906666 29 39299
1623481966628 29 39349
1623482026567 29 39399
1623482086536 29 39449
1623482146379 29 39499
1623482206171 29 39549
1623482266066 29 39599
1623482326002 29 39649
1623482386051 29 39699
1623482446241 29 39749
1623482506372 29 39799
1623482566236 29 39849
1623482591103 29 39869
1623482793245 29 39869
1623482837881 30 39899
1623482897764 30 39949
1623482957645 30 39999
1623483017485 30 40049
1623483077574 30 40099
1623483137781 30 40149
1623483197969 30 40199
1623483258097 30 40249
1623483318281 30 40299
1623483378351 30 40349
1623483438511 30 40399
1623483498747 30 40449
1623483558996 30 40499
1623483619204 30 40549
1623483679326 30 40599
1623483739414 30 40649
1623483799534 30 40699
1623483859649 30 40749
1623483919670 30 40799
1623483979647 30 40849
1623484039767 30 40899
1623484099801 30 40949
1623484159801 30 40999
1623484219885 30 41049
1623484279984 30 41099
1623484340111 30 41149
1623484399624 30 41198
1623484600938 30 41198
1623484610572 31 41199
1623484671439 31 41249
1623484731290 31 41299
1623484791132 31 41349
1623484850967 31 41399
1623484910889 31 41449
1623484970834 31 41499
1623485030830 31 41549
1623485090863 31 41599
1623485150889 31 41649
1623485210882 31 41699
1623485271054 31 41749
1623485331199 31 41799
1623485391362 31 41849
1623485451641 31 41899
1623485511792 31 41949
1623485571826 31 41999
1623485631877 31 42049
1623485691837 31 42099
1623485751963 31 42149
1623485812103 31 42199
1623485872218 31 42249
1623485932388 31 42299
1623485992617 31 42349
1623486052887 31 42399
1623486112923 31 42449
1623486173017 31 42499
1623486207329 31 42527
1623486409258 31 42527
1623486444963 32 42549
1623486504776 32 42599
1623486564642 32 42649
1623486624509 32 42699
1623486684341 32 42749
1623486744345 32 42799
1623486804336 32 42849
1623486864264 32 42899
1623486924165 32 42949
1623486984102 32 42999
1623487043952 32 43049
1623487103852 32 43099
1623487163941 32 43149
1623487223879 32 43199
1623487283905 32 43249
1623487343944 32 43299
1623487403996 32 43349
1623487464134 32 43399
1623487524133 32 43449
1623487584133 32 43499
1623487644211 32 43549
1623487704295 32 43599
1623487764300 32 43649
1623487824426 32 43699
1623487884519 32 43749
1623487944640 32 43799
1623488004398 32 43849
1623488013802 32 43856
1623488216354 32 43856
1623488277400 33 43899
1623488337268 33 43949
1623488397180 33 43999
1623488457057 33 44049
1623488516856 33 44099
1623488576773 33 44149
1623488636692 33 44199
1623488696636 33 44249
1623488756604 33 44299
1623488816475 33 44349
1623488876339 33 44399
1623488936246 33 44449
1623488996116 33 44499
1623489056078 33 44549
1623489115938 33 44599
1623489175813 33 44649
1623489235671 33 44699
1623489295501 33 44749
1623489355345 33 44799
1623489415186 33 44849
1623489475077 33 44899
1623489534935 33 44949
1623489594767 33 44999
1623489654660 33 45049
1623489714539 33 45099
1623489774429 33 45149
1623489818400 33 45185
1623490021533 33 45185
1623490046172 34 45199
1623490105972 34 45249
1623490165802 34 45299
1623490225679 34 45349
1623490285480 34 45399
1623490345347 34 45449
1623490405176 34 45499
1623490465081 34 45549
1623490524924 34 45599
1623490584866 34 45649
1623490644788 34 45699
1623490704735 34 45749
1623490764671 34 45799
1623490824679 34 45849
1623490884668 34 45899
1623490944708 34 45949
1623491004604 34 45999
1623491064580 34 46049
1623491124463 34 46099
1623491184414 34 46149
1623491244335 34 46199
1623491304191 34 46249
1623491364104 34 46299
1623491424021 34 46349
1623491483937 34 46399
1623491544087 34 46449
1623491603934 34 46499
1623491622914 34 46514
1623491824883 34 46514
1623491876696 35 46549
1623491936556 35 46599
1623491996464 35 46649
1623492056401 35 46699
1623492116282 35 46749
1623492176248 35 46799
1623492236136 35 46849
1623492295991 35 46899
1623492355862 35 46949
1623492415815 35 46999
1623492475691 35 47049
1623492535532 35 47099
1623492595454 35 47149
1623492655314 35 47199
1623492715199 35 47249
1623492775090 35 47299
1623492835045 35 47349
1623492894903 35 47399
1623492954746 35 47449
1623493014728 35 47499
1623493074580 35 47549
1623493134463 35 47599
1623493194371 35 47649
1623493254235 35 47699
1623493314283 35 47749
1623493374221 35 47799
1623493427781 35 47843
1623493629352 35 47843
1623493646021 36 47849
1623493705983 36 47899
1623493765939 36 47949
1623493825985 36 47999
1623493885948 36 48049
1623493945943 36 48099
1623494006093 36 48149
1623494066196 36 48199
1623494126415 36 48249
1623494186358 36 48299
1623494246434 36 48349
1623494306394 36 48399
1623494366457 36 48449
1623494426520 36 48499
1623494486445 36 48549
1623494546395 36 48599
1623494606396 36 48649
1623494666472 36 48699
1623494726349 36 48749
1623494786226 36 48799
1623494846145 36 48849
1623494906117 36 48899
1623494965987 36 48949
1623495025895 36 48999
1623495085715 36 49049
1623495145573 36 49099
1623495205281 36 49149
1623495233619 36 49172
1623495435376 36 49172
1623495477210 37 49199
1623495537097 37 49249
1623495596890 37 49299
1623495656740 37 49349
1623495716537 37 49399
1623495776412 37 49449
1623495836176 37 49499
1623495896023 37 49549
1623495955830 37 49599
1623496015649 37 49649
1623496075471 37 49699
1623496135257 37 49749
1623496195088 37 49799
1623496254983 37 49849
1623496314837 37 49899
1623496374749 37 49949
1623496434590 37 49999
1623496494543 37 50049
1623496554354 37 50099
1623496614249 37 50149
1623496674067 37 50199
1623496733956 37 50249
1623496793824 37 50299
1623496853739 37 50349
1623496913927 37 50399
1623496974039 37 50449
1623497033755 37 50499
1623497037151 37 50501
1623497238928 37 50501
1623497305392 38 50549
1623497365322 38 50599
1623497425256 38 50649
1623497485200 38 50699
1623497545034 38 50749
1623497604859 38 50799
1623497664887 38 50849
1623497724837 38 50899
1623497784696 38 50949
1623497844477 38 50999
1623497904385 38 51049
1623497964341 38 51099
1623498024229 38 51149
1623498084471 38 51199
1623498144758 38 51249
1623498205004 38 51299
1623498265291 38 51349
1623498325521 38 51399
1623498385675 38 51449
1623498445807 38 51499
1623498506059 38 51549
1623498566195 38 51599
1623498626454 38 51649
1623498686666 38 51699
1623498746913 38 51749
1623498806972 38 51799
1623498844890 38 51830
1623499047101 38 51830
1623499079346 39 51849
1623499139207 39 51899
1623499199032 39 51949
1623499258842 39 51999
1623499318641 39 52049
1623499378509 39 52099
1623499438392 39 52149
1623499498269 39 52199
1623499558055 39 52249
1623499617887 39 52299
1623499677686 39 52349
1623499737462 39 52399
1623499797278 39 52449
1623499857147 39 52499
1623499917209 39 52549
1623499977496 39 52599
1623500037783 39 52649
1623500097897 39 52699
1623500158075 39 52749
1623500218265 39 52799
1623500278311 39 52849
1623500338533 39 52899
1623500398708 39 52949
1623500458968 39 52999
1623500519244 39 53049
1623500579450 39 53099
1623500639278 39 53149
1623500652330 39 53159
1623500855264 39 53159
1623500912238 40 53199
1623500972330 40 53249
1623501032321 40 53299
1623501092338 40 53349
1623501152413 40 53399
1623501212420 40 53449
1623501272461 40 53499
1623501332574 40 53549
1623501392632 40 53599
1623501452609 40 53649
1623501512562 40 53699
1623501572438 40 53749
1623501632350 40 53799
1623501692288 40 53849
1623501752171 40 53899
1623501812079 40 53949
1623501871938 40 53999
1623501931969 40 54049
1623501991837 40 54099
1623502051816 40 54149
1623502111704 40 54199
1623502171617 40 54249
1623502231603 40 54299
1623502291498 40 54349
1623502351517 40 54399
1623502411549 40 54449
1623502459302 40 54488
1623502661572 40 54488
1623502683972 41 54499
1623502743779 41 54549
1623502803667 41 54599
1623502863615 41 54649
1623502923533 41 54699
1623502983403 41 54749
1623503043303 41 54799
1623503103106 41 54849
1623503162999 41 54899
1623503222818 41 54949
1623503282602 41 54999
1623503342386 41 55049
1623503402226 41 55099
1623503462286 41 55149
1623503522150 41 55199
1623503582001 41 55249
1623503641766 41 55299
1623503701603 41 55349
1623503761444 41 55399
1623503821299 41 55449
1623503881134 41 55499
1623503941007 41 55549
1623504000988 41 55599
1623504061235 41 55649
1623504121625 41 55699
1623504182099 41 55749
1623504242136 41 55799
1623504264576 41 55817
1623504467566 41 55817
1623504514133 42 55849
1623504574051 42 55899
1623504634085 42 55949
1623504694071 42 55999
1623504753972 42 56049
1623504813906 42 56099
1623504873835 42 56149
1623504933850 42 56199
1623504993669 42 56249
1623505053546 42 56299
1623505115443 42 56349
1623505175322 42 56399
1623505235300 42 56449
1623505295125 42 56499
1623505354962 42 56549
1623505414745 42 56599
1623505474542 42 56649
1623505534405 42 56699
1623505594269 42 56749
1623505654106 42 56799
1623505713956 42 56849
1623505773849 42 56899
1623505833703 42 56949
1623505893677 42 56999
1623505953693 42 57049
1623506013599 42 57099
1623506070776 42 57146
1623506272857 42 57146
1623506283991 43 57149
1623506343972 43 57199
1623506403818 43 57249
1623506463627 43 57299
1623506523463 43 57349
1623506583257 43 57399
1623506643150 43 57449
1623506702984 43 57499
1623506762985 43 57549
1623506822871 43 57599
1623506882821 43 57649
1623506942675 43 57699
1623507002583 43 57749
1623507062610 43 57799
1623507122506 43 57849
1623507182365 43 57899
1623507242327 43 57949
1623507302301 43 57999
1623507362235 43 58049
1623507422070 43 58099
1623507482001 43 58149
1623507541959 43 58199
1623507601953 43 58249
1623507661991 43 58299
1623507722019 43 58349
1623507781988 43 58399
1623507841843 43 58449
1623507873858 43 58475
1623508074910 43 58475
1623508113015 44 58499
1623508172820 44 58549
1623508232620 44 58599
1623508292460 44 58649
1623508352243 44 58699
1623508412073 44 58749
1623508471918 44 58799
1623508531655 44 58849
1623508591421 44 58899
1623508651211 44 58949
1623508710964 44 58999
1623508770808 44 59049
1623508830647 44 59099
1623508890527 44 59149
1623508950403 44 59199
1623509010321 44 59249
1623509070183 44 59299
1623509130158 44 59349
1623509189990 44 59399
1623509249798 44 59449
1623509309693 44 59499
1623509369598 44 59549
1623509429424 44 59599
1623509489275 44 59649
1623509549192 44 59699
1623509609062 44 59749
1623509668635 44 59799
1623509675764 44 59804
1623509877584 44 59804
1623509941662 45 59849
1623510001449 45 59899
1623510061307 45 59949
1623510121062 45 59999
1623510180890 45 60049
1623510240858 45 60099
1623510300978 45 60149
1623510361101 45 60199
1623510421154 45 60249
1623510481310 45 60299
1623510541465 45 60349
1623510601782 45 60399
1623510661951 45 60449
1623510722001 45 60499
1623510782040 45 60549
1623510842156 45 60599
1623510902096 45 60649
1623510962155 45 60699
1623511022133 45 60749
1623511082064 45 60799
1623511142170 45 60849
1623511202061 45 60899
1623511262083 45 60949
1623511322108 45 60999
1623511382093 45 61049
1623511441960 45 61099
1623511483561 45 61133
1623511684950 45 61133
1623511713743 46 61149
1623511773598 46 61199
1623511833469 46 61249
1623511893347 46 61299
1623511953166 46 61349
1623512013019 46 61399
1623512072874 46 61449
1623512132641 46 61499
1623512192446 46 61549
1623512252221 46 61599
1623512312029 46 61649
1623512371839 46 61699
1623512431661 46 61749
1623512491510 46 61799
1623512551369 46 61849
1623512611146 46 61899
1623512670965 46 61949
1623512730851 46 61999
1623512790672 46 62049
1623512850510 46 62099
1623512910356 46 62149
1623512970190 46 62199
1623513030079 46 62249
1623513089981 46 62299
1623513149883 46 62349
1623513209964 46 62399
1623513269780 46 62449
1623513286310 46 62462
1623513487451 46 62462
1623513541341 47 62499
1623513601162 47 62549
1623513660991 47 62599
1623513720857 47 62649
1623513780843 47 62699
1623513841007 47 62749
1623513901124 47 62799
1623513961349 47 62849
1623514021565 47 62899
1623514081777 47 62949
1623514141935 47 62999
1623514202113 47 63049
1623514262374 47 63099
1623514322523 47 63149
1623514382647 47 63199
1623514442890 47 63249
1623514503073 47 63299
1623514563137 47 63349
1623514623254 47 63399
1623514683428 47 63449
1623514743612 47 63499
1623514803688 47 63549
1623514863841 47 63599
1623514923946 47 63649
1623514983961 47 63699
