1623428757776 0.001 0
1623430555144 0.0009990133642141358 1329
1623432351624 0.000996057350657239 2658
1623434149501 0.0009911436253643444 3987
1623435947761 0.0009842915805643156 5316
1623437744905 0.0009755282581475769 6645
1623439545150 0.0009648882429441258 7974
1623441343321 0.0009524135262330099 9303
1623443141984 0.0009381533400219318 10632
1623444940406 0.0009221639627510075 11961
1623446740334 0.0009045084971874736 13290
1623448538126 0.0008852566213878945 14619
1623450335742 0.0008644843137107056 15948
1623452135169 0.0008422735529643443 17277
1623453935244 0.0008187119948743448 18606
1623455734536 0.0007938926261462366 19935
1623457534075 0.0007679133974894982 21264
1623459335392 0.0007408768370508576 22593
1623461135197 0.0007128896457825362 23922
1623462934207 0.0006840622763423389 25251
1623464734337 0.0006545084971874735 26580
1623466535140 0.0006243449435824271 27909
1623468334485 0.0005936906572928622 29238
1623470133684 0.000562666616782152 30567
1623471933833 0.0005313952597646566 31896
1623473735458 0.0004999999999999998 33225
1623475541644 0.00046860474023534314 34554
1623477380182 0.00043733338321784774 35883
1623479183685 0.00040630934270713756 37212
1623480986919 0.00037565505641757246 38541
1623482793252 0.00034549150281252633 39870
1623484600952 0.00031593772365766105 41199
1623486409270 0.00028711035421746355 42528
1623488216365 0.0002591231629491422 43857
1623490021545 0.00023208660251050145 45186
1623491824889 0.00020610737385376337 46515
1623493629365 0.00018128800512565502 47844
1623495435388 0.00015772644703565555 49173
1623497238939 0.00013551568628929425 50502
1623499047113 0.00011474337861210535 51831
1623500855272 9.549150281252626e-05 53160
1623502661586 7.783603724899252e-05 54489
1623504467578 6.184665997806817e-05 55818
1623506272870 4.7586473766990294e-05 57147
1623508074925 3.5111757055874305e-05 58476
1623509877589 2.4471741852423218e-05 59805
1623511684962 1.5708419435684507e-05 61134
1623513487462 8.856374635655634e-06 62463
