1623428826108 0.6931723952293396 49
1623428886090 0.6935123801231384 99
1623428945879 0.693598210811615 149
1623429005680 0.6992087364196777 199
1623429065386 0.6937704086303711 249
1623429125112 0.6941103339195251 299
1623429184900 0.6938165426254272 349
1623429244658 0.6927652359008789 399
1623429304365 0.6921318769454956 449
1623429364191 0.6904121041297913 499
1623429423925 0.6812442541122437 549
1623429483739 0.6870980858802795 599
1623429543562 0.6815710663795471 649
1623429603310 0.6797200441360474 699
1623429663155 0.6806036829948425 749
1623429722879 0.6853976249694824 799
1623429782568 0.6886968016624451 849
1623429842417 0.6790146827697754 899
1623429902112 0.6811584234237671 949
1623429961870 0.6761327385902405 999
1623430021691 0.6894135475158691 1049
1623430081591 0.6584663391113281 1099
1623430141407 0.6409587264060974 1149
1623430201133 0.6765294671058655 1199
1623430260884 0.6976001262664795 1249
1623430320657 0.6856721639633179 1299
1623430555029 0.6611505746841431 0
1623430587806 0.6606220602989197 1349
1623430647576 0.6208524107933044 1399
1623430707347 0.6701793670654297 1449
1623430767158 0.6546269655227661 1499
1623430827055 0.646097719669342 1549
1623430886971 0.6253204345703125 1599
1623430946998 0.7100397348403931 1649
1623431006822 0.6465162038803101 1699
1623431066617 0.661304235458374 1749
1623431126408 0.6214971542358398 1799
1623431186047 0.6721564531326294 1849
1623431245829 0.6851543188095093 1899
1623431305622 0.5848405361175537 1949
1623431365451 0.5328621864318848 1999
1623431425219 0.6990840435028076 2049
1623431485027 0.6305895447731018 2099
1623431544818 0.6269110441207886 2149
1623431604646 0.6066029071807861 2199
1623431664431 0.6413813829421997 2249
1623431724187 0.5869894027709961 2299
1623431783922 0.5831395387649536 2349
1623431843694 0.5746694803237915 2399
1623431903405 0.6375899314880371 2449
1623431963200 0.6368412971496582 2499
1623432022946 0.6282131671905518 2549
1623432082768 0.613440752029419 2599
1623432142309 0.530543327331543 2649
1623432351529 0.6318647861480713 1
1623432409578 0.5929224491119385 2699
1623432469334 0.5575093626976013 2749
1623432529106 0.5511214733123779 2799
1623432588866 0.5367501974105835 2849
1623432648723 0.5670924186706543 2899
1623432708464 0.5944746136665344 2949
1623432768298 0.5582771301269531 2999
1623432828066 0.5271610617637634 3049
1623432887840 0.4743722379207611 3099
1623432947570 0.5245214700698853 3149
1623433007323 0.662643313407898 3199
1623433067068 0.5081770420074463 3249
1623433126865 0.589216411113739 3299
1623433186613 0.6088011860847473 3349
1623433246458 0.5661498308181763 3399
1623433306361 0.5487896203994751 3449
1623433366147 0.5625969171524048 3499
1623433425872 0.5473837852478027 3549
1623433485668 0.5003541707992554 3599
1623433545560 0.49466443061828613 3649
1623433605393 0.5274989604949951 3699
1623433665182 0.5853712558746338 3749
1623433724927 0.5726852416992188 3799
1623433784673 0.5815702080726624 3849
1623433844469 0.49367034435272217 3899
1623433904242 0.4988168478012085 3949
1623434149425 0.6784096956253052 2
1623434172723 0.5336729288101196 3999
1623434232617 0.5131345987319946 4049
1623434292382 0.5857080221176147 4099
1623434352172 0.5740700960159302 4149
1623434411928 0.5818159580230713 4199
1623434471804 0.5177064538002014 4249
1623434531618 0.5094482898712158 4299
1623434591418 0.5911274552345276 4349
1623434651204 0.49374014139175415 4399
1623434710968 0.6327762603759766 4449
1623434770704 0.5872141122817993 4499
1623434830587 0.6241469383239746 4549
1623434890376 0.49536824226379395 4599
1623434950224 0.5426416397094727 4649
1623435010097 0.4916117191314697 4699
1623435069887 0.4798053801059723 4749
1623435129739 0.4297603964805603 4799
1623435189638 0.5042078495025635 4849
1623435249476 0.5035279989242554 4899
1623435309271 0.5576385259628296 4949
1623435369053 0.4614514708518982 4999
1623435428813 0.4911736249923706 5049
1623435488667 0.47528284788131714 5099
1623435548440 0.527492880821228 5149
1623435608279 0.4515523612499237 5199
1623435668061 0.5630552768707275 5249
1623435727728 0.5668377876281738 5299
1623435947666 1.1752036809921265 3
1623435996058 0.5860734581947327 5349
1623436055857 0.5049503445625305 5399
1623436115690 0.4712679386138916 5449
1623436175526 0.47270193696022034 5499
1623436235298 0.4088533818721771 5549
1623436295114 0.47292882204055786 5599
1623436354914 0.4172539710998535 5649
1623436414663 0.40536174178123474 5699
1623436474405 0.457414448261261 5749
1623436534163 0.472173273563385 5799
1623436593931 0.5103310942649841 5849
1623436653710 0.48030993342399597 5899
1623436713513 0.44931167364120483 5949
1623436773368 0.5371561646461487 5999
1623436833196 0.4677678644657135 6049
1623436893031 0.45785337686538696 6099
1623436952894 0.5471341609954834 6149
1623437012691 0.4604334831237793 6199
1623437072515 0.5749298334121704 6249
1623437132316 0.4962471127510071 6299
1623437192048 0.47545456886291504 6349
1623437251824 0.4550182521343231 6399
1623437311704 0.4074740409851074 6449
1623437371472 0.3791790008544922 6499
1623437431337 0.5019717216491699 6549
1623437491169 0.5510724782943726 6599
1623437744701 0.49673378467559814 4
1623437759378 0.37614721059799194 6649
1623437819471 0.4964068531990051 6699
1623437879555 0.5363689064979553 6749
1623437939626 0.46063506603240967 6799
1623437999612 0.41346246004104614 6849
1623438059437 0.5343812704086304 6899
1623438119270 0.5202642679214478 6949
1623438179213 0.4714040160179138 6999
1623438238957 0.5767011642456055 7049
1623438298762 0.4125708341598511 7099
1623438358534 0.4257221817970276 7149
1623438418323 0.46102941036224365 7199
1623438478106 0.44269511103630066 7249
1623438537896 0.5053589940071106 7299
1623438597676 0.4363920986652374 7349
1623438657503 0.4369334578514099 7399
1623438717307 0.5409897565841675 7449
1623438777094 0.5509681105613708 7499
1623438836856 0.3730858266353607 7549
1623438896591 0.45020896196365356 7599
1623438956398 0.42319294810295105 7649
1623439016158 0.4068123996257782 7699
1623439075956 0.5226548910140991 7749
1623439135808 0.42890262603759766 7799
1623439195591 0.47363659739494324 7849
1623439255430 0.4225374460220337 7899
1623439315334 0.4477093815803528 7949
1623439545033 0.7482919692993164 5
1623439584549 0.43516218662261963 7999
1623439644425 0.37043458223342896 8049
1623439704176 0.4817444086074829 8099
1623439763988 0.42512473464012146 8149
1623439823776 0.5385370850563049 8199
1623439883510 0.4756387174129486 8249
1623439943312 0.5013829469680786 8299
1623440003083 0.40758347511291504 8349
1623440062815 0.3995172381401062 8399
1623440122571 0.4073062241077423 8449
1623440182308 0.4653392434120178 8499
1623440242122 0.4039575457572937 8549
1623440301974 0.483183354139328 8599
1623440361814 0.45911985635757446 8649
1623440421627 0.40748757123947144 8699
1623440481438 0.5386688709259033 8749
1623440541200 0.39384251832962036 8799
1623440601019 0.32771384716033936 8849
1623440660836 0.37241286039352417 8899
1623440720690 0.4517028331756592 8949
1623440780479 0.48172470927238464 8999
1623440840253 0.5308778285980225 9049
1623440900073 0.35350579023361206 9099
1623440959879 0.3331284523010254 9149
1623441019635 0.45396482944488525 9199
1623441079489 0.4664936065673828 9249
1623441139032 0.44258272647857666 9299
1623441343184 0.6268147230148315 6
1623441408407 0.48973286151885986 9349
1623441468234 0.43359124660491943 9399
1623441528114 0.4549975097179413 9449
1623441587881 0.46514683961868286 9499
1623441647644 0.405368447303772 9549
1623441707441 0.47217538952827454 9599
1623441767197 0.46622252464294434 9649
1623441826976 0.4338686168193817 9699
1623441886803 0.42538630962371826 9749
1623441946508 0.5189449787139893 9799
1623442006271 0.37700918316841125 9849
1623442066141 0.41606736183166504 9899
1623442125931 0.4433349370956421 9949
1623442185756 0.42001625895500183 9999
1623442245544 0.42929524183273315 10049
1623442305258 0.3826311528682709 10099
1623442365126 0.44179683923721313 10149
1623442424955 0.47649842500686646 10199
1623442484707 0.47715330123901367 10249
1623442544507 0.3688755929470062 10299
1623442604335 0.40659475326538086 10349
1623442664195 0.397963285446167 10399
1623442723956 0.4670102298259735 10449
1623442783760 0.40542691946029663 10499
1623442843506 0.44208580255508423 10549
1623442903264 0.5078396797180176 10599
1623443141900 0.4166470766067505 7
1623443171844 0.4412331283092499 10649
1623443231659 0.48853325843811035 10699
1623443291415 0.5919745564460754 10749
1623443351209 0.4274504780769348 10799
1623443410977 0.2956315279006958 10849
1623443470705 0.5193142890930176 10899
1623443530437 0.4671558737754822 10949
1623443590236 0.4213024079799652 10999
1623443650002 0.4239268898963928 11049
1623443709703 0.43793249130249023 11099
1623443769452 0.40477505326271057 11149
1623443829192 0.3434476852416992 11199
1623443888956 0.44516465067863464 11249
1623443948748 0.3734356164932251 11299
1623444008541 0.43280547857284546 11349
1623444068361 0.401267945766449 11399
1623444128166 0.4202241897583008 11449
1623444187920 0.4231122136116028 11499
1623444247715 0.451526939868927 11549
1623444307508 0.3496445417404175 11599
1623444367382 0.4003158211708069 11649
1623444427273 0.39494800567626953 11699
1623444487217 0.40603548288345337 11749
1623444547117 0.3981183171272278 11799
1623444606948 0.5247035026550293 11849
1623444666696 0.4741915464401245 11899
1623444726309 0.4703046679496765 11949
1623444940334 0.7678862810134888 8
1623444994850 0.416724294424057 11999
1623445054603 0.44177350401878357 12049
1623445114348 0.42852354049682617 12099
1623445174121 0.4055332839488983 12149
1623445233928 0.4532792866230011 12199
1623445293694 0.46277350187301636 12249
1623445353418 0.4387057423591614 12299
1623445415176 0.4954296350479126 12349
1623445474977 0.35877183079719543 12399
1623445534700 0.37177908420562744 12449
1623445594467 0.47817933559417725 12499
1623445654423 0.3588821291923523 12549
1623445714229 0.36695757508277893 12599
1623445774041 0.4924823045730591 12649
1623445833797 0.43523234128952026 12699
1623445893552 0.4278910160064697 12749
1623445953306 0.38466811180114746 12799
1623446013151 0.4441836178302765 12849
1623446072881 0.3761756420135498 12899
1623446132717 0.3971422612667084 12949
1623446192649 0.36951911449432373 12999
1623446252367 0.37702232599258423 13049
1623446312133 0.4229235351085663 13099
1623446371936 0.43203121423721313 13149
1623446431737 0.38343650102615356 13199
1623446491510 0.4246155023574829 13249
1623446740092 0.34487199783325195 9
1623446760260 0.4438266158103943 13299
1623446820037 0.48676684498786926 13349
1623446879802 0.3426482081413269 13399
1623446939576 0.4165530800819397 13449
1623446999315 0.491682767868042 13499
1623447059007 0.4070878326892853 13549
1623447118760 0.3890594244003296 13599
1623447178498 0.467160165309906 13649
1623447238224 0.3975300192832947 13699
1623447297959 0.39973095059394836 13749
1623447357609 0.4311956763267517 13799
1623447417415 0.4293351173400879 13849
1623447477296 0.5204880237579346 13899
1623447537287 0.4151938557624817 13949
1623447597108 0.41645294427871704 13999
1623447656929 0.4736957550048828 14049
1623447716751 0.4344279170036316 14099
1623447776569 0.49987444281578064 14149
1623447836403 0.3884507119655609 14199
1623447896132 0.383320152759552 14249
1623447956045 0.5099536180496216 14299
1623448015828 0.39622998237609863 14349
1623448075686 0.44838568568229675 14399
1623448135452 0.4221230447292328 14449
1623448195240 0.40265515446662903 14499
1623448255060 0.4284217953681946 14549
1623448314741 0.40520498156547546 14599
1623448538053 0.36466360092163086 10
1623448583658 0.3987789750099182 14649
1623448643413 0.35993167757987976 14699
1623448703167 0.37849074602127075 14749
1623448762903 0.48566269874572754 14799
1623448822617 0.4301232695579529 14849
1623448882402 0.39725303649902344 14899
1623448942197 0.4448814392089844 14949
1623449002022 0.41847941279411316 14999
1623449061772 0.4439973831176758 15049
1623449121515 0.3850817382335663 15099
1623449181264 0.4421166479587555 15149
1623449240995 0.4269592761993408 15199
1623449300796 0.3519130349159241 15249
1623449360641 0.4656248688697815 15299
1623449420428 0.33236563205718994 15349
1623449480159 0.39386555552482605 15399
1623449539865 0.3994806408882141 15449
1623449599620 0.5212768316268921 15499
1623449659414 0.44873207807540894 15549
1623449719184 0.41535520553588867 15599
1623449778922 0.39887452125549316 15649
1623449838725 0.37439972162246704 15699
1623449898443 0.3535637855529785 15749
1623449958271 0.38641536235809326 15799
1623450018059 0.4438566565513611 15849
1623450077824 0.34104838967323303 15899
1623450335657 0.42105695605278015 11
1623450345933 0.3460063338279724 15949
1623450406861 0.39310964941978455 15999
1623450466669 0.4592496454715729 16049
1623450526474 0.41623109579086304 16099
1623450586287 0.4341597855091095 16149
1623450646076 0.4922989010810852 16199
1623450705880 0.42062920331954956 16249
1623450765655 0.45519763231277466 16299
1623450825405 0.39191606640815735 16349
1623450885138 0.4537535011768341 16399
1623450944930 0.47910377383232117 16449
1623451004644 0.43005314469337463 16499
1623451064421 0.4159805476665497 16549
1623451124220 0.3405163288116455 16599
1623451184022 0.3911239504814148 16649
1623451243901 0.4027253985404968 16699
1623451303682 0.42110341787338257 16749
1623451363506 0.3786153197288513 16799
1623451423364 0.4315606355667114 16849
1623451483138 0.4903281331062317 16899
1623451542992 0.3520715832710266 16949
1623451602824 0.4233449697494507 16999
1623451662685 0.4277811646461487 17049
1623451722477 0.34260669350624084 17099
1623451782382 0.5289250016212463 17149
1623451842227 0.4229923486709595 17199
1623451902015 0.38928717374801636 17249
1623452135097 0.31915128231048584 12
1623452171311 0.37110257148742676 17299
1623452231086 0.3857009708881378 17349
1623452290884 0.42312777042388916 17399
1623452350743 0.3749844431877136 17449
1623452410577 0.4300009608268738 17499
1623452470380 0.41221553087234497 17549
1623452530194 0.5307634472846985 17599
1623452589964 0.4047028124332428 17649
1623452649759 0.3791674077510834 17699
1623452709504 0.37137117981910706 17749
1623452769254 0.49999532103538513 17799
1623452829103 0.352449893951416 17849
1623452889086 0.4205298125743866 17899
1623452948967 0.4640760123729706 17949
1623453008776 0.33942925930023193 17999
1623453068738 0.45171916484832764 18049
1623453128523 0.4558585286140442 18099
1623453188453 0.4227209687232971 18149
1623453248340 0.44214481115341187 18199
1623453308204 0.3872060477733612 18249
1623453367977 0.38809671998023987 18299
1623453427797 0.3823038935661316 18349
1623453487569 0.35142165422439575 18399
1623453547451 0.37365439534187317 18449
1623453607320 0.37768444418907166 18499
1623453667139 0.3746889531612396 18549
1623453726726 0.36919718980789185 18599
1623453935157 0.5062491297721863 13
1623453995863 0.3653833866119385 18649
1623454055718 0.4563993811607361 18699
1623454115570 0.37755197286605835 18749
1623454175410 0.3935904800891876 18799
1623454235230 0.46016305685043335 18849
1623454295010 0.3753262162208557 18899
1623454354742 0.3919225335121155 18949
1623454414555 0.408516526222229 18999
1623454474306 0.37755146622657776 19049
1623454534065 0.39333033561706543 19099
1623454593833 0.38471317291259766 19149
1623454653759 0.4424673914909363 19199
1623454713620 0.4440310597419739 19249
1623454773423 0.42729735374450684 19299
1623454833289 0.4564194083213806 19349
1623454893156 0.3293532431125641 19399
1623454952991 0.40748345851898193 19449
1623455012863 0.4549468755722046 19499
1623455072673 0.3547453284263611 19549
1623455132527 0.4170229136943817 19599
1623455192433 0.4319974482059479 19649
1623455252259 0.4629816710948944 19699
1623455312072 0.3985750079154968 19749
1623455371920 0.44756853580474854 19799
1623455431783 0.39774441719055176 19849
1623455491595 0.47935786843299866 19899
1623455734349 0.6078166961669922 14
1623455760970 0.444484144449234 19949
1623455820817 0.4412728548049927 19999
1623455880657 0.4807780683040619 20049
1623455940419 0.4278077781200409 20099
1623456000237 0.4344431161880493 20149
1623456060007 0.3398094177246094 20199
1623456119810 0.3065580725669861 20249
1623456179625 0.40734586119651794 20299
1623456239402 0.419435977935791 20349
1623456299189 0.44801944494247437 20399
1623456359032 0.40286991000175476 20449
1623456418867 0.4258560836315155 20499
1623456478744 0.3835933208465576 20549
1623456538656 0.38482385873794556 20599
1623456598563 0.41115593910217285 20649
1623456658417 0.4034007489681244 20699
1623456718253 0.433976411819458 20749
1623456778098 0.44403088092803955 20799
1623456837930 0.40096810460090637 20849
1623456897807 0.3756333291530609 20899
1623456957618 0.40064939856529236 20949
1623457017471 0.39129194617271423 20999
1623457077371 0.3842657804489136 21049
1623457137206 0.3977632522583008 21099
1623457197063 0.353318452835083 21149
1623457256908 0.34974968433380127 21199
1623457316560 0.3308090269565582 21249
1623457533989 0.3157549500465393 15
1623457585490 0.35523849725723267 21299
1623457645331 0.4086349308490753 21349
1623457705186 0.3693195581436157 21399
1623457765019 0.34925973415374756 21449
1623457824836 0.3637617528438568 21499
1623457884658 0.4299933612346649 21549
1623457944497 0.4051668643951416 21599
1623458004384 0.5137196779251099 21649
1623458064338 0.3569718599319458 21699
1623458124194 0.44696858525276184 21749
1623458184065 0.38520118594169617 21799
1623458244004 0.4317300021648407 21849
1623458303929 0.3671490550041199 21899
1623458363796 0.39108696579933167 21949
1623458423809 0.45541417598724365 21999
1623458483704 0.5447524189949036 22049
1623458543580 0.41668421030044556 22099
1623458603444 0.425542414188385 22149
1623458663325 0.3146558701992035 22199
1623458723254 0.4312094748020172 22249
1623458783136 0.4205700755119324 22299
1623458842989 0.3640974462032318 22349
1623458902865 0.41006097197532654 22399
1623458962770 0.3876551389694214 22449
1623459022823 0.3405684232711792 22499
1623459082725 0.36015135049819946 22549
1623459335322 0.40513554215431213 16
1623459351775 0.3467268943786621 22599
1623459411562 0.46293169260025024 22649
1623459471398 0.38641178607940674 22699
1623459531262 0.35105860233306885 22749
1623459591087 0.3897112309932709 22799
1623459650824 0.37638938426971436 22849
1623459710632 0.4099358916282654 22899
1623459770469 0.4516719579696655 22949
1623459830363 0.38926345109939575 22999
1623459890176 0.3818588852882385 23049
1623459949943 0.40088576078414917 23099
1623460009722 0.40379780530929565 23149
1623460069582 0.3613604009151459 23199
1623460129471 0.3621019721031189 23249
1623460189255 0.38556790351867676 23299
1623460249146 0.39537331461906433 23349
1623460308944 0.35161495208740234 23399
1623460368855 0.3436084985733032 23449
1623460428684 0.4012947082519531 23499
1623460488502 0.37495872378349304 23549
1623460548356 0.32053494453430176 23599
1623460608178 0.553564190864563 23649
1623460668043 0.39011871814727783 23699
1623460727914 0.4840545654296875 23749
1623460787767 0.3930645287036896 23799
1623460847584 0.4412888288497925 23849
1623460907290 0.33668410778045654 23899
1623461135104 0.5590062737464905 17
1623461176283 0.45876526832580566 23949
1623461236119 0.45204639434814453 23999
1623461295972 0.40752851963043213 24049
1623461355822 0.4694165587425232 24099
1623461415583 0.30695706605911255 24149
1623461475373 0.44240638613700867 24199
1623461535223 0.47026917338371277 24249
1623461594980 0.3307293951511383 24299
1623461654826 0.31405919790267944 24349
1623461714568 0.4813089668750763 24399
1623461774322 0.3706526458263397 24449
1623461834099 0.4322487413883209 24499
1623461893957 0.520858645439148 24549
1623461953858 0.408491313457489 24599
1623462013688 0.398258239030838 24649
1623462073532 0.42335420846939087 24699
1623462133357 0.3695477843284607 24749
1623462193158 0.441877543926239 24799
1623462252912 0.41323333978652954 24849
1623462312772 0.40098562836647034 24899
1623462372685 0.4831709861755371 24949
1623462432486 0.3325952887535095 24999
1623462492330 0.3163624107837677 25049
1623462552166 0.3721047639846802 25099
1623462612023 0.3722044825553894 25149
1623462671798 0.31459861993789673 25199
1623462731328 0.37202557921409607 25249
1623462934136 0.579020619392395 18
1623463001512 0.4225010275840759 25299
1623463061314 0.4899047017097473 25349
1623463121103 0.423833429813385 25399
1623463180938 0.38351958990097046 25449
1623463240733 0.48688626289367676 25499
1623463300484 0.39188873767852783 25549
1623463360271 0.35481178760528564 25599
1623463420136 0.3864940106868744 25649
1623463479921 0.42731577157974243 25699
1623463539713 0.5408996939659119 25749
1623463599502 0.4171934425830841 25799
1623463659294 0.39722949266433716 25849
1623463719198 0.5040287375450134 25899
1623463779011 0.3263288736343384 25949
1623463838899 0.4010598659515381 25999
1623463898722 0.393128901720047 26049
1623463958504 0.4974640905857086 26099
1623464018316 0.3754182755947113 26149
1623464078240 0.4352753162384033 26199
1623464138084 0.3537800908088684 26249
1623464197990 0.4207060933113098 26299
1623464257789 0.4055992662906647 26349
1623464317697 0.4300171136856079 26399
1623464377501 0.3837364912033081 26449
1623464437311 0.3684552311897278 26499
1623464497223 0.3950914740562439 26549
1623464734109 0.34941452741622925 19
1623464766830 0.42908167839050293 26599
1623464826709 0.4051334857940674 26649
1623464886582 0.42209866642951965 26699
1623464946433 0.3065270185470581 26749
1623465006326 0.32749059796333313 26799
1623465066158 0.3798118233680725 26849
1623465125973 0.390641450881958 26899
1623465185764 0.37523677945137024 26949
1623465245577 0.4393334984779358 26999
1623465305376 0.3814598023891449 27049
1623465365201 0.32929137349128723 27099
1623465425001 0.45906153321266174 27149
1623465484803 0.34708625078201294 27199
1623465544633 0.5080491304397583 27249
1623465604482 0.48889899253845215 27299
1623465664314 0.423069030046463 27349
1623465724254 0.4139506220817566 27399
1623465784041 0.39511173963546753 27449
1623465843838 0.3567373752593994 27499
1623465903650 0.444071888923645 27549
1623465963497 0.3636336624622345 27599
1623466023257 0.36857765913009644 27649
1623466083122 0.4115701913833618 27699
1623466142974 0.430986225605011 27749
1623466202871 0.4190383553504944 27799
1623466262628 0.3789721131324768 27849
1623466322273 0.3918863534927368 27899
1623466535074 0.5582844614982605 20
1623466592809 0.4077344536781311 27949
1623466652604 0.47162094712257385 27999
1623466712379 0.4086321294307709 28049
1623466772191 0.3433802127838135 28099
1623466832016 0.5246001482009888 28149
1623466891814 0.40787801146507263 28199
1623466951631 0.3344285488128662 28249
1623467011443 0.3613186180591583 28299
1623467071282 0.414057195186615 28349
1623467131040 0.39093926548957825 28399
1623467190801 0.3841645121574402 28449
1623467250619 0.31154948472976685 28499
1623467310513 0.43936896324157715 28549
1623467370343 0.3990071415901184 28599
1623467430187 0.5161739587783813 28649
1623467489942 0.3506207764148712 28699
1623467549723 0.32721516489982605 28749
1623467609476 0.4009931981563568 28799
1623467669297 0.390200674533844 28849
1623467729123 0.26160070300102234 28899
1623467788903 0.4896852374076843 28949
1623467848735 0.3863305449485779 28999
1623467908524 0.34749290347099304 29049
1623467968342 0.4624548554420471 29099
1623468028162 0.3449893593788147 29149
1623468088020 0.32936516404151917 29199
1623468334390 0.18088431656360626 21
1623468357011 0.4312988519668579 29249
1623468416881 0.4451674818992615 29299
1623468476784 0.34542837738990784 29349
1623468536633 0.43060266971588135 29399
1623468596475 0.3735463619232178 29449
1623468656269 0.28783220052719116 29499
1623468716040 0.3694223463535309 29549
1623468775871 0.42445236444473267 29599
1623468835669 0.36515331268310547 29649
1623468895441 0.4423014223575592 29699
1623468955201 0.3717634975910187 29749
1623469014981 0.4620418846607208 29799
1623469074823 0.30663037300109863 29849
1623469134744 0.45443156361579895 29899
1623469194497 0.36134016513824463 29949
1623469254269 0.3861706554889679 29999
1623469314040 0.43333372473716736 30049
1623469373794 0.3861263394355774 30099
1623469433562 0.39988529682159424 30149
1623469493335 0.31602686643600464 30199
1623469553098 0.3678164482116699 30249
1623469612932 0.3600214719772339 30299
1623469672768 0.3997074067592621 30349
1623469732649 0.376031756401062 30399
1623469792483 0.5385085344314575 30449
1623469852373 0.49068552255630493 30499
1623469912022 0.29306280612945557 30549
1623470133614 0.28182491660118103 22
1623470182071 0.4017105996608734 30599
1623470241895 0.44860267639160156 30649
1623470301689 0.38955408334732056 30699
1623470361509 0.29947522282600403 30749
1623470421319 0.49126136302948 30799
1623470481060 0.3670395612716675 30849
1623470540874 0.3098813593387604 30899
1623470600654 0.3807458281517029 30949
1623470660454 0.46170544624328613 30999
1623470720223 0.3307098150253296 31049
1623470780038 0.3958766758441925 31099
1623470839790 0.36724454164505005 31149
1623470899638 0.31907713413238525 31199
1623470959517 0.35920703411102295 31249
1623471019308 0.45735323429107666 31299
1623471079149 0.3381615877151489 31349
1623471139019 0.3132705092430115 31399
1623471198847 0.38737720251083374 31449
1623471258640 0.4322904944419861 31499
1623471318493 0.374364972114563 31549
1623471378267 0.27740126848220825 31599
1623471438093 0.3766867518424988 31649
1623471497970 0.4309537410736084 31699
1623471557843 0.33687445521354675 31749
1623471617652 0.4230605661869049 31799
1623471677458 0.37374651432037354 31849
1623471933741 0.40653857588768005 23
1623471946539 0.35293811559677124 31899
1623472006524 0.42161795496940613 31949
1623472066371 0.39881473779678345 31999
1623472126191 0.3695186376571655 32049
1623472186002 0.4602816104888916 32099
1623472245893 0.2597770690917969 32149
1623472305709 0.3498656153678894 32199
1623472365587 0.4104205369949341 32249
1623472425426 0.46210217475891113 32299
1623472485310 0.3918323516845703 32349
1623472545157 0.29745617508888245 32399
1623472605027 0.4634203314781189 32449
1623472664865 0.34633785486221313 32499
1623472724788 0.38757091760635376 32549
1623472784555 0.3573698401451111 32599
1623472844400 0.3901677131652832 32649
1623472904239 0.35985440015792847 32699
1623472964192 0.3913092613220215 32749
1623473024410 0.4300103187561035 32799
1623473084509 0.4710124731063843 32849
1623473144479 0.3244280219078064 32899
1623473204373 0.3296804130077362 32949
1623473264334 0.4165003299713135 32999
1623473324496 0.38903847336769104 33049
1623473384543 0.3483007848262787 33099
1623473444467 0.3594326078891754 33149
1623473504282 0.43995487689971924 33199
1623473735388 0.26026007533073425 24
1623473774048 0.39807963371276855 33249
1623473833829 0.3004145622253418 33299
1623473893700 0.4629567265510559 33349
1623473953527 0.3898533582687378 33399
1623474013398 0.39825066924095154 33449
1623474073303 0.5047584772109985 33499
1623474133424 0.39709073305130005 33549
1623474193534 0.3534698784351349 33599
1623474253643 0.36672189831733704 33649
1623474313748 0.3340018093585968 33699
1623474373854 0.3815619945526123 33749
1623474434023 0.350086510181427 33799
1623474494269 0.44614923000335693 33849
1623474554294 0.43857622146606445 33899
1623474614291 0.3817629814147949 33949
1623474674204 0.39476650953292847 33999
1623474734131 0.38939887285232544 34049
1623474794123 0.3994816541671753 34099
1623474854215 0.3471122980117798 34149
1623474914216 0.2936796247959137 34199
1623474974278 0.42594030499458313 34249
1623475034350 0.3911486268043518 34299
1623475094421 0.37898963689804077 34349
1623475154313 0.41455698013305664 34399
1623475214321 0.420106440782547 34449
1623475274288 0.3706068992614746 34499
1623475334011 0.2998047471046448 34549
1623475541392 0.516905665397644 25
1623475604998 0.3958706259727478 34599
1623475665069 0.3690524399280548 34649
1623475725185 0.41843652725219727 34699
1623475785099 0.4177176356315613 34749
1623475845145 0.36114752292633057 34799
1623475905161 0.4671890139579773 34849
1623475965145 0.42511361837387085 34899
1623476034949 0.41840165853500366 34949
1623476112269 0.45666688680648804 34999
1623476178961 0.4150337874889374 35049
1623476238949 0.434222936630249 35099
1623476298958 0.33472776412963867 35149
1623476358784 0.412431001663208 35199
1623476418575 0.36593419313430786 35249
1623476478369 0.344552218914032 35299
1623476538246 0.4029577970504761 35349
1623476598136 0.2724300026893616 35399
1623476657971 0.5013338327407837 35449
1623476717827 0.3747956454753876 35499
1623476777665 0.3197946846485138 35549
1623476837439 0.3752697706222534 35599
1623476897292 0.45164328813552856 35649
1623476957237 0.34082067012786865 35699
1623477017114 0.32480961084365845 35749
1623477076980 0.3785962760448456 35799
1623477137008 0.31288784742355347 35849
1623477380068 0.33109524846076965 26
1623477409677 0.46257948875427246 35899
1623477469473 0.3505616784095764 35949
1623477529335 0.5148720741271973 35999
1623477589130 0.4550222158432007 36049
1623477648910 0.34259116649627686 36099
1623477708774 0.337202787399292 36149
1623477768665 0.3283270001411438 36199
1623477828481 0.4041425287723541 36249
1623477888377 0.42837250232696533 36299
1623477948192 0.3739449083805084 36349
1623478007988 0.2958475351333618 36399
1623478067837 0.3410831689834595 36449
1623478127669 0.4633633494377136 36499
1623478187672 0.4086604714393616 36549
1623478247670 0.4013226628303528 36599
1623478307681 0.25051459670066833 36649
1623478367578 0.3484780490398407 36699
1623478427495 0.35633713006973267 36749
1623478487295 0.35637950897216797 36799
1623478547086 0.3677537441253662 36849
1623478606997 0.4194471538066864 36899
1623478666863 0.38628077507019043 36949
1623478726830 0.3707759380340576 36999
1623478786843 0.28876781463623047 37049
1623478846732 0.44278469681739807 37099
1623478906687 0.31078478693962097 37149
1623478966404 0.3617541790008545 37199
1623479183425 0.21941858530044556 27
1623479239080 0.2906033992767334 37249
1623479299007 0.37085750699043274 37299
1623479358848 0.339987576007843 37349
1623479418632 0.3381028175354004 37399
1623479478420 0.3494240641593933 37449
1623479538237 0.38535600900650024 37499
1623479598073 0.4280519485473633 37549
1623479657892 0.38755762577056885 37599
1623479717702 0.36764878034591675 37649
1623479777540 0.3879649043083191 37699
1623479837373 0.4021556079387665 37749
1623479897294 0.4398118257522583 37799
1623479957217 0.38961756229400635 37849
1623480017186 0.4005597233772278 37899
1623480077079 0.4529951810836792 37949
1623480137086 0.30327337980270386 37999
1623480197012 0.40883663296699524 38049
1623480257073 0.3989006280899048 38099
1623480317107 0.3698258399963379 38149
1623480377057 0.3901768922805786 38199
1623480436945 0.34178733825683594 38249
1623480496829 0.2998540997505188 38299
1623480556748 0.39794379472732544 38349
1623480616669 0.2984050512313843 38399
1623480676568 0.35857081413269043 38449
1623480736498 0.39168140292167664 38499
1623480986767 0.25154364109039307 28
1623481007236 0.47001874446868896 38549
1623481067065 0.37839049100875854 38599
1623481126893 0.37579596042633057 38649
1623481186760 0.3205603361129761 38699
1623481246618 0.35443079471588135 38749
1623481306491 0.41913485527038574 38799
1623481366334 0.4066506624221802 38849
1623481426252 0.39108574390411377 38899
1623481486119 0.3188498616218567 38949
1623481546134 0.44915246963500977 38999
1623481606241 0.39274096488952637 39049
1623481666367 0.46494168043136597 39099
1623481726419 0.3714982569217682 39149
1623481786533 0.34977081418037415 39199
1623481846642 0.31769365072250366 39249
1623481906666 0.33348405361175537 39299
1623481966628 0.3563501834869385 39349
1623482026567 0.38396090269088745 39399
1623482086536 0.3379397392272949 39449
1623482146379 0.3152543902397156 39499
1623482206171 0.4356086850166321 39549
1623482266066 0.37662768363952637 39599
1623482326002 0.37911486625671387 39649
1623482386051 0.3800949454307556 39699
1623482446241 0.3415975868701935 39749
1623482506372 0.3982309103012085 39799
1623482566236 0.4001227617263794 39849
1623482792924 0.3008803427219391 29
1623482837881 0.3802525997161865 39899
1623482897764 0.33981117606163025 39949
1623482957645 0.3609916567802429 39999
1623483017485 0.3780955374240875 40049
1623483077574 0.4321882128715515 40099
1623483137781 0.40980932116508484 40149
1623483197969 0.2985759377479553 40199
1623483258097 0.29374268651008606 40249
1623483318281 0.41682136058807373 40299
1623483378351 0.3878519535064697 40349
1623483438511 0.3511977195739746 40399
1623483498747 0.39081045985221863 40449
1623483558996 0.37258750200271606 40499
1623483619204 0.42297759652137756 40549
1623483679326 0.33456653356552124 40599
1623483739414 0.45312726497650146 40649
1623483799534 0.29118531942367554 40699
1623483859649 0.329677015542984 40749
1623483919670 0.3957779109477997 40799
1623483979647 0.37874123454093933 40849
1623484039767 0.43321579694747925 40899
1623484099801 0.39950257539749146 40949
1623484159801 0.37591221928596497 40999
1623484219885 0.306808203458786 41049
1623484279984 0.3063535690307617 41099
1623484340111 0.34836331009864807 41149
1623484600830 0.2977212965488434 30
1623484610572 0.43039605021476746 41199
1623484671439 0.28588932752609253 41249
1623484731290 0.4407142102718353 41299
1623484791132 0.4393451511859894 41349
1623484850967 0.4334508180618286 41399
1623484910889 0.3215688169002533 41449
1623484970834 0.3865356743335724 41499
1623485030830 0.3807719945907593 41549
1623485090863 0.5088090896606445 41599
1623485150889 0.3318130075931549 41649
1623485210882 0.4014330506324768 41699
1623485271054 0.3604775667190552 41749
1623485331199 0.43184322118759155 41799
1623485391362 0.334095299243927 41849
1623485451641 0.33509302139282227 41899
1623485511792 0.46352481842041016 41949
1623485571826 0.3750283718109131 41999
1623485631877 0.3687245547771454 42049
1623485691837 0.33258378505706787 42099
1623485751963 0.3311815559864044 42149
1623485812103 0.5003939270973206 42199
1623485872218 0.38192784786224365 42249
1623485932388 0.4258253276348114 42299
1623485992617 0.4165318012237549 42349
1623486052887 0.42404526472091675 42399
1623486112923 0.3814108967781067 42449
1623486173017 0.3741782009601593 42499
1623486409093 0.7821061611175537 31
1623486444963 0.3384397625923157 42549
1623486504776 0.35381704568862915 42599
1623486564642 0.39605119824409485 42649
1623486624509 0.37556952238082886 42699
1623486684341 0.3972069025039673 42749
1623486744345 0.3685697913169861 42799
1623486804336 0.39432528614997864 42849
1623486864264 0.4163755774497986 42899
1623486924165 0.39446842670440674 42949
1623486984102 0.3547442555427551 42999
1623487043952 0.35345298051834106 43049
1623487103852 0.3820020854473114 43099
1623487163941 0.4377288222312927 43149
1623487223879 0.27194732427597046 43199
1623487283905 0.42993488907814026 43249
1623487343944 0.29302817583084106 43299
1623487403996 0.42804285883903503 43349
1623487464134 0.3795865476131439 43399
1623487524133 0.381158709526062 43449
1623487584133 0.2679460346698761 43499
1623487644211 0.3296378254890442 43549
1623487704295 0.372886598110199 43599
1623487764300 0.4757858216762543 43649
1623487824426 0.4007021188735962 43699
1623487884519 0.36118799448013306 43749
1623487944640 0.43217942118644714 43799
1623488004398 0.3909302353858948 43849
1623488216120 0.28589165210723877 32
1623488277400 0.3887583017349243 43899
1623488337268 0.24008001387119293 43949
1623488397180 0.3275277018547058 43999
1623488457057 0.3420071601867676 44049
1623488516856 0.3916318416595459 44099
1623488576773 0.4654351770877838 44149
1623488636692 0.3735906183719635 44199
1623488696636 0.3016003966331482 44249
1623488756604 0.4011383652687073 44299
1623488816475 0.3797846734523773 44349
1623488876339 0.3961343765258789 44399
1623488936246 0.291310578584671 44449
1623488996116 0.45924800634384155 44499
1623489056078 0.33086735010147095 44549
1623489115938 0.3129878044128418 44599
1623489175813 0.39624226093292236 44649
1623489235671 0.3047008216381073 44699
1623489295501 0.41978248953819275 44749
1623489355345 0.39158353209495544 44799
1623489415186 0.26179301738739014 44849
1623489475077 0.3679673373699188 44899
1623489534935 0.4764489531517029 44949
1623489594767 0.38023054599761963 44999
1623489654660 0.32153835892677307 45049
1623489714539 0.37130337953567505 45099
1623489774429 0.45759230852127075 45149
1623490021458 0.6478991508483887 33
1623490046172 0.37218761444091797 45199
1623490105972 0.33770740032196045 45249
1623490165802 0.4488077759742737 45299
1623490225679 0.43427780270576477 45349
1623490285480 0.33952969312667847 45399
1623490345347 0.3675696849822998 45449
1623490405176 0.3041307032108307 45499
1623490465081 0.32788777351379395 45549
1623490524924 0.4022827446460724 45599
1623490584866 0.37739700078964233 45649
1623490644788 0.3644469380378723 45699
1623490704735 0.344185471534729 45749
1623490764671 0.3344440460205078 45799
1623490824679 0.3543515205383301 45849
1623490884668 0.3736163377761841 45899
1623490944708 0.3721473813056946 45949
1623491004604 0.2917977571487427 45999
1623491064580 0.41103100776672363 46049
1623491124463 0.3716271221637726 46099
1623491184414 0.3348086476325989 46149
1623491244335 0.35365092754364014 46199
1623491304191 0.329914927482605 46249
1623491364104 0.39412084221839905 46299
1623491424021 0.35077616572380066 46349
1623491483937 0.44419801235198975 46399
1623491544087 0.3712388873100281 46449
1623491603934 0.425028920173645 46499
1623491824590 0.22517776489257812 34
1623491876696 0.35599637031555176 46549
1623491936556 0.3299875557422638 46599
1623491996464 0.33802324533462524 46649
1623492056401 0.3541019558906555 46699
1623492116282 0.35804319381713867 46749
1623492176248 0.4205092191696167 46799
1623492236136 0.3110947608947754 46849
1623492295991 0.43002617359161377 46899
1623492355862 0.36520326137542725 46949
1623492415815 0.36333218216896057 46999
1623492475691 0.3622214198112488 47049
1623492535532 0.39191505312919617 47099
1623492595454 0.3294329047203064 47149
1623492655314 0.36008813977241516 47199
1623492715199 0.3641955554485321 47249
1623492775090 0.38722488284111023 47299
1623492835045 0.396928608417511 47349
1623492894903 0.2816998064517975 47399
1623492954746 0.335212767124176 47449
1623493014728 0.36441147327423096 47499
1623493074580 0.39476341009140015 47549
1623493134463 0.4064728319644928 47599
1623493194371 0.41718125343322754 47649
1623493254235 0.39456474781036377 47699
1623493314283 0.4100920557975769 47749
1623493374221 0.33694639801979065 47799
1623493629146 0.4677332043647766 35
1623493646021 0.4091370701789856 47849
1623493705983 0.3480992317199707 47899
1623493765939 0.30220746994018555 47949
1623493825985 0.42517006397247314 47999
1623493885948 0.4032592177391052 48049
1623493945943 0.3679259717464447 48099
1623494006093 0.37618476152420044 48149
1623494066196 0.4093148112297058 48199
1623494126415 0.3504258394241333 48249
1623494186358 0.42654940485954285 48299
1623494246434 0.32341545820236206 48349
1623494306394 0.31881988048553467 48399
1623494366457 0.36742162704467773 48449
1623494426520 0.37279605865478516 48499
1623494486445 0.35608088970184326 48549
1623494546395 0.3319530487060547 48599
1623494606396 0.375222384929657 48649
1623494666472 0.3683762848377228 48699
1623494726349 0.4058782756328583 48749
1623494786226 0.36263933777809143 48799
1623494846145 0.3139340877532959 48849
1623494906117 0.33121782541275024 48899
1623494965987 0.3280906081199646 48949
1623495025895 0.3325880169868469 48999
1623495085715 0.3781130909919739 49049
1623495145573 0.30594539642333984 49099
1623495205281 0.36530935764312744 49149
1623495435227 0.5154991149902344 36
1623495477210 0.3262789249420166 49199
1623495537097 0.42012283205986023 49249
1623495596890 0.3376827836036682 49299
1623495656740 0.5072980523109436 49349
1623495716537 0.3473271131515503 49399
1623495776412 0.3666296601295471 49449
1623495836176 0.35596567392349243 49499
1623495896023 0.36104509234428406 49549
1623495955830 0.3120306730270386 49599
1623496015649 0.32276254892349243 49649
1623496075471 0.4008879065513611 49699
1623496135257 0.3530770242214203 49749
1623496195088 0.3577524423599243 49799
1623496254983 0.3624722361564636 49849
1623496314837 0.3953476548194885 49899
1623496374749 0.37174808979034424 49949
1623496434590 0.28552770614624023 49999
1623496494543 0.3588533401489258 50049
1623496554354 0.4381506145000458 50099
1623496614249 0.3659539818763733 50149
1623496674067 0.39441367983818054 50199
1623496733956 0.4364178776741028 50249
1623496793824 0.2629401385784149 50299
1623496853739 0.33566153049468994 50349
1623496913927 0.30807384848594666 50399
1623496974039 0.3271837532520294 50449
1623497033755 0.3807794451713562 50499
1623497238781 0.5431031584739685 37
1623497305392 0.30066564679145813 50549
1623497365322 0.47188031673431396 50599
1623497425256 0.31235000491142273 50649
1623497485200 0.34733545780181885 50699
1623497545034 0.39372095465660095 50749
1623497604859 0.3657817244529724 50799
1623497664887 0.39718109369277954 50849
1623497724837 0.3546869158744812 50899
1623497784696 0.3957957923412323 50949
1623497844477 0.3651071786880493 50999
1623497904385 0.3832337260246277 51049
1623497964341 0.34456753730773926 51099
1623498024229 0.44094181060791016 51149
1623498084471 0.383724182844162 51199
1623498144758 0.354733407497406 51249
1623498205004 0.3544733226299286 51299
1623498265291 0.3716067671775818 51349
1623498325521 0.4033017158508301 51399
1623498385675 0.37445545196533203 51449
1623498445807 0.34900468587875366 51499
1623498506059 0.30059725046157837 51549
1623498566195 0.3890765309333801 51599
1623498626454 0.29214587807655334 51649
1623498686666 0.3690229654312134 51699
1623498746913 0.2714677155017853 51749
1623498806972 0.34361791610717773 51799
1623499047042 0.5021279454231262 38
1623499079346 0.4460693299770355 51849
1623499139207 0.30109405517578125 51899
1623499199032 0.39556390047073364 51949
1623499258842 0.32036590576171875 51999
1623499318641 0.39346858859062195 52049
1623499378509 0.3399360179901123 52099
1623499438392 0.2827475368976593 52149
1623499498269 0.479224294424057 52199
1623499558055 0.37181127071380615 52249
1623499617887 0.3184955418109894 52299
1623499677686 0.34493035078048706 52349
1623499737462 0.49869754910469055 52399
1623499797278 0.3581125736236572 52449
1623499857147 0.38563480973243713 52499
1623499917209 0.4266815781593323 52549
1623499977496 0.3214351236820221 52599
1623500037783 0.39691460132598877 52649
1623500097897 0.3443325161933899 52699
1623500158075 0.4552638828754425 52749
1623500218265 0.38601547479629517 52799
1623500278311 0.479697585105896 52849
1623500338533 0.3465273976325989 52899
1623500398708 0.43036776781082153 52949
1623500458968 0.34665197134017944 52999
1623500519244 0.3589272201061249 53049
1623500579450 0.2469278872013092 53099
1623500639278 0.3650907278060913 53149
1623500854816 0.6437823176383972 39
1623500912238 0.2933270335197449 53199
1623500972330 0.35001498460769653 53249
1623501032321 0.3431313931941986 53299
1623501092338 0.37088078260421753 53349
1623501152413 0.304825097322464 53399
1623501212420 0.4233397841453552 53449
1623501272461 0.3815258741378784 53499
1623501332574 0.3344345688819885 53549
1623501392632 0.3549083173274994 53599
1623501452609 0.3535635471343994 53649
1623501512562 0.43657875061035156 53699
1623501572438 0.3312709629535675 53749
1623501632350 0.4129370450973511 53799
1623501692288 0.4011757969856262 53849
1623501752171 0.40753257274627686 53899
1623501812079 0.3461624085903168 53949
1623501871938 0.35425490140914917 53999
1623501931969 0.42540520429611206 54049
1623501991837 0.40435701608657837 54099
1623502051816 0.4541504383087158 54149
1623502111704 0.38507962226867676 54199
1623502171617 0.3922165632247925 54249
1623502231603 0.37308984994888306 54299
1623502291498 0.3336469829082489 54349
1623502351517 0.43583768606185913 54399
1623502411549 0.35345733165740967 54449
1623502661483 0.37105900049209595 40
1623502683972 0.3388000726699829 54499
1623502743779 0.39859431982040405 54549
1623502803667 0.3434802293777466 54599
1623502863615 0.38177359104156494 54649
1623502923533 0.323222815990448 54699
1623502983403 0.38787662982940674 54749
1623503043303 0.3029360771179199 54799
1623503103106 0.3695072531700134 54849
1623503162999 0.36683958768844604 54899
1623503222818 0.31110110878944397 54949
1623503282602 0.2639228403568268 54999
1623503342386 0.38220667839050293 55049
1623503402226 0.3451785445213318 55099
1623503462286 0.45699918270111084 55149
1623503522150 0.46157965064048767 55199
1623503582001 0.3779231905937195 55249
1623503641766 0.3420898914337158 55299
1623503701603 0.3716593384742737 55349
1623503761444 0.36212417483329773 55399
1623503821299 0.30931800603866577 55449
1623503881134 0.38057366013526917 55499
1623503941007 0.3588152527809143 55549
1623504000988 0.37666934728622437 55599
1623504061235 0.28150710463523865 55649
1623504121625 0.3734196126461029 55699
1623504182099 0.36001652479171753 55749
1623504242136 0.3224974274635315 55799
1623504467391 0.4877820909023285 41
1623504514133 0.2976072132587433 55849
1623504574051 0.28854498267173767 55899
1623504634085 0.40140825510025024 55949
1623504694071 0.30105090141296387 55999
1623504753972 0.41137707233428955 56049
1623504813906 0.3601325750350952 56099
1623504873835 0.348184734582901 56149
1623504933850 0.34728261828422546 56199
1623504993669 0.41295865178108215 56249
1623505053546 0.3642786741256714 56299
1623505115443 0.37919241189956665 56349
1623505175322 0.4527662396430969 56399
1623505235300 0.3691794276237488 56449
1623505295125 0.3029670715332031 56499
1623505354962 0.33757513761520386 56549
1623505414745 0.3262982964515686 56599
1623505474542 0.33847928047180176 56649
1623505534405 0.4211552143096924 56699
1623505594269 0.36764565110206604 56749
1623505654106 0.3000979423522949 56799
1623505713956 0.3836527466773987 56849
1623505773849 0.3335539996623993 56899
1623505833703 0.2859346568584442 56949
1623505893677 0.3053324520587921 56999
1623505953693 0.4080824851989746 57049
1623506013599 0.3721350431442261 57099
1623506272726 0.5646317601203918 42
1623506283991 0.33547699451446533 57149
1623506343972 0.3337060511112213 57199
1623506403818 0.3799286186695099 57249
1623506463627 0.3472141623497009 57299
1623506523463 0.408128947019577 57349
1623506583257 0.37891867756843567 57399
1623506643150 0.4038677215576172 57449
1623506702984 0.28469663858413696 57499
1623506762985 0.38287436962127686 57549
1623506822871 0.35296446084976196 57599
1623506882821 0.33753737807273865 57649
1623506942675 0.4434962272644043 57699
1623507002583 0.34868913888931274 57749
1623507062610 0.3333852291107178 57799
1623507122506 0.4070957899093628 57849
1623507182365 0.4537466764450073 57899
1623507242327 0.33145254850387573 57949
1623507302301 0.24220864474773407 57999
1623507362235 0.4490411579608917 58049
1623507422070 0.34809625148773193 58099
1623507482001 0.3990858197212219 58149
1623507541959 0.3888939619064331 58199
1623507601953 0.341962605714798 58249
1623507661991 0.3191069960594177 58299
1623507722019 0.38717350363731384 58349
1623507781988 0.3877596855163574 58399
1623507841843 0.37216776609420776 58449
1623508074833 0.1784648299217224 43
1623508113015 0.4131130874156952 58499
1623508172820 0.3785231113433838 58549
1623508232620 0.31288790702819824 58599
1623508292460 0.40951675176620483 58649
1623508352243 0.3302198052406311 58699
1623508412073 0.28841614723205566 58749
1623508471918 0.35791701078414917 58799
1623508531655 0.4085425138473511 58849
1623508591421 0.38382381200790405 58899
1623508651211 0.39107003808021545 58949
1623508710964 0.374685138463974 58999
1623508770808 0.3217012286186218 59049
1623508830647 0.3435954451560974 59099
1623508890527 0.2573058605194092 59149
1623508950403 0.4063258171081543 59199
1623509010321 0.4359514117240906 59249
1623509070183 0.3734859824180603 59299
1623509130158 0.3464338779449463 59349
1623509189990 0.2583478093147278 59399
1623509249798 0.2652463912963867 59449
1623509309693 0.332139790058136 59499
1623509369598 0.3638259768486023 59549
1623509429424 0.2924194037914276 59599
1623509489275 0.3541001081466675 59649
1623509549192 0.3123962879180908 59699
1623509609062 0.35176563262939453 59749
1623509668635 0.30915510654449463 59799
1623509877062 0.5616785883903503 44
1623509941662 0.33985328674316406 59849
1623510001449 0.371651828289032 59899
1623510061307 0.33595895767211914 59949
1623510121062 0.45873841643333435 59999
1623510180890 0.33537742495536804 60049
1623510240858 0.3471275568008423 60099
1623510300978 0.3380246162414551 60149
1623510361101 0.3442981243133545 60199
1623510421154 0.37688180804252625 60249
1623510481310 0.3541768193244934 60299
1623510541465 0.3975014090538025 60349
1623510601782 0.343116819858551 60399
1623510661951 0.4158198833465576 60449
1623510722001 0.3763141632080078 60499
1623510782040 0.29549384117126465 60549
1623510842156 0.3001094460487366 60599
1623510902096 0.312212198972702 60649
1623510962155 0.34909018874168396 60699
1623511022133 0.33000361919403076 60749
1623511082064 0.2518042325973511 60799
1623511142170 0.3792714476585388 60849
1623511202061 0.4053233861923218 60899
1623511262083 0.37665000557899475 60949
1623511322108 0.3547518253326416 60999
1623511382093 0.36603617668151855 61049
1623511441960 0.35650020837783813 61099
1623511684847 0.5381382703781128 45
1623511713743 0.36884814500808716 61149
1623511773598 0.35674041509628296 61199
1623511833469 0.36582618951797485 61249
1623511893347 0.396004319190979 61299
1623511953166 0.3781658411026001 61349
1623512013019 0.39415132999420166 61399
1623512072874 0.43545758724212646 61449
1623512132641 0.36844515800476074 61499
1623512192446 0.34791821241378784 61549
1623512252221 0.35051530599594116 61599
1623512312029 0.2848747968673706 61649
1623512371839 0.3532419800758362 61699
1623512431661 0.29951566457748413 61749
1623512491510 0.36902135610580444 61799
1623512551369 0.2924789786338806 61849
1623512611146 0.38289767503738403 61899
1623512670965 0.38287821412086487 61949
1623512730851 0.39051395654678345 61999
1623512790672 0.3798987567424774 62049
1623512850510 0.37827280163764954 62099
1623512910356 0.28932392597198486 62149
1623512970190 0.3265809416770935 62199
1623513030079 0.26914533972740173 62249
1623513089981 0.32128995656967163 62299
1623513149883 0.3179134726524353 62349
1623513209964 0.4432983696460724 62399
1623513269780 0.3035094141960144 62449
1623513487321 0.643959641456604 46
1623513541341 0.32583844661712646 62499
1623513601162 0.3429318070411682 62549
1623513660991 0.37497657537460327 62599
1623513720857 0.4086216390132904 62649
1623513780843 0.3911131024360657 62699
1623513841007 0.33388257026672363 62749
1623513901124 0.3591316342353821 62799
1623513961349 0.3922051191329956 62849
1623514021565 0.3620982766151428 62899
1623514081777 0.33485186100006104 62949
1623514141935 0.31939077377319336 62999
1623514202113 0.39113563299179077 63049
1623514262374 0.35701125860214233 63099
1623514322523 0.3640088140964508 63149
1623514382647 0.20344936847686768 63199
1623514442890 0.2915768027305603 63249
1623514503073 0.37762224674224854 63299
1623514563137 0.3865109384059906 63349
1623514623254 0.306912362575531 63399
1623514683428 0.320878803730011 63449
1623514743612 0.39815807342529297 63499
1623514803688 0.319865345954895 63549
1623514863841 0.25694406032562256 63599
1623514923946 0.383872389793396 63649
1623514983961 0.34165531396865845 63699
