1623430555029 0.6611505746841431 0
1623432351529 0.6318647861480713 1
1623434149425 0.6784096956253052 2
1623435947666 1.1752036809921265 3
1623437744701 0.49673378467559814 4
1623439545033 0.7482919692993164 5
1623441343184 0.6268147230148315 6
1623443141900 0.4166470766067505 7
1623444940334 0.7678862810134888 8
1623446740092 0.34487199783325195 9
1623448538053 0.36466360092163086 10
1623450335657 0.42105695605278015 11
1623452135097 0.31915128231048584 12
1623453935157 0.5062491297721863 13
1623455734349 0.6078166961669922 14
1623457533989 0.3157549500465393 15
1623459335322 0.40513554215431213 16
1623461135104 0.5590062737464905 17
1623462934136 0.579020619392395 18
1623464734109 0.34941452741622925 19
1623466535074 0.5582844614982605 20
1623468334390 0.18088431656360626 21
1623470133614 0.28182491660118103 22
1623471933741 0.40653857588768005 23
1623473735388 0.26026007533073425 24
1623475541392 0.516905665397644 25
1623477380068 0.33109524846076965 26
1623479183425 0.21941858530044556 27
1623480986767 0.25154364109039307 28
1623482792924 0.3008803427219391 29
1623484600830 0.2977212965488434 30
1623486409093 0.7821061611175537 31
1623488216120 0.28589165210723877 32
1623490021458 0.6478991508483887 33
1623491824590 0.22517776489257812 34
1623493629146 0.4677332043647766 35
1623495435227 0.5154991149902344 36
1623497238781 0.5431031584739685 37
1623499047042 0.5021279454231262 38
1623500854816 0.6437823176383972 39
1623502661483 0.37105900049209595 40
1623504467391 0.4877820909023285 41
1623506272726 0.5646317601203918 42
1623508074833 0.1784648299217224 43
1623509877062 0.5616785883903503 44
1623511684847 0.5381382703781128 45
1623513487321 0.643959641456604 46
