1623430355186 0.6826163530349731 1328
1623430555029 0.6826163530349731 0
1623432152016 0.6272104978561401 2657
1623432351529 0.6272104978561401 1
1623433949405 0.5619889497756958 3986
1623434149425 0.5619889497756958 2
1623435747153 0.5190232396125793 5315
1623435947666 0.5190232396125793 3
1623437544989 0.48567095398902893 6644
1623437744701 0.48567095398902893 4
1623439344234 0.4623970687389374 7973
1623439545033 0.4623970687389374 5
1623441143032 0.4474325478076935 9302
1623441343184 0.4474325478076935 6
1623442941636 0.4400719106197357 10631
1623443141900 0.4400719106197357 7
1623444739817 0.4364684820175171 11960
1623444940334 0.4364684820175171 8
1623446539496 0.42918989062309265 13289
1623446740092 0.42918989062309265 9
1623448337774 0.42578980326652527 14618
1623448538053 0.42578980326652527 10
1623450135422 0.420261025428772 15947
1623450335657 0.420261025428772 11
1623451934587 0.41663363575935364 17276
1623452135097 0.41663363575935364 12
1623453734413 0.41279342770576477 18605
1623453935157 0.41279342770576477 13
1623455533756 0.4096824824810028 19934
1623455734349 0.4096824824810028 14
1623457333749 0.41086140275001526 21263
1623457533989 0.41086140275001526 15
1623459134462 0.4067729413509369 22592
1623459335322 0.4067729413509369 16
1623460933998 0.4027608036994934 23921
1623461135104 0.4027608036994934 17
1623462733129 0.4029681980609894 25250
1623462934136 0.4029681980609894 18
1623464533440 0.40094128251075745 26579
1623464734109 0.40094128251075745 19
1623466333551 0.40010836720466614 27908
1623466535074 0.40010836720466614 20
1623468133800 0.39911478757858276 29237
1623468334390 0.39911478757858276 21
1623469932803 0.39462924003601074 30566
1623470133614 0.39462924003601074 22
1623471732775 0.39732426404953003 31895
1623471933741 0.39732426404953003 23
1623473534578 0.3920935094356537 33224
1623473735388 0.3920935094356537 24
1623475339850 0.38973739743232727 34553
1623475541392 0.38973739743232727 25
1623477177330 0.3893977105617523 35882
1623477380068 0.3893977105617523 26
1623478981754 0.3878234028816223 37211
1623479183425 0.3878234028816223 27
1623480786094 0.38589808344841003 38540
1623480986767 0.38589808344841003 28
1623482591103 0.38330474495887756 39869
1623482792924 0.38330474495887756 29
1623484399624 0.3799843192100525 41198
1623484600830 0.3799843192100525 30
1623486207329 0.37983810901641846 42527
1623486409093 0.37983810901641846 31
1623488013802 0.37571802735328674 43856
1623488216120 0.37571802735328674 32
1623489818400 0.3736189007759094 45185
1623490021458 0.3736189007759094 33
1623491622914 0.36867064237594604 46514
1623491824590 0.36867064237594604 34
1623493427781 0.3712872564792633 47843
1623493629146 0.3712872564792633 35
1623495233619 0.36814212799072266 49172
1623495435227 0.36814212799072266 36
1623497037151 0.36479419469833374 50501
1623497238781 0.36479419469833374 37
1623498844890 0.36210134625434875 51830
1623499047042 0.36210134625434875 38
1623500652330 0.3618836998939514 53159
1623500854816 0.3618836998939514 39
1623502459302 0.36044031381607056 54488
1623502661483 0.36044031381607056 40
1623504264576 0.36003240942955017 55817
1623504467391 0.36003240942955017 41
1623506070776 0.3594745397567749 57146
1623506272726 0.3594745397567749 42
1623507873858 0.3570837080478668 58475
1623508074833 0.3570837080478668 43
1623509675764 0.3578619062900543 59804
1623509877062 0.3578619062900543 44
1623511483561 0.35514479875564575 61133
1623511684847 0.35514479875564575 45
1623513286310 0.3592756986618042 62462
1623513487321 0.3592756986618042 46
