1625176995305 0 49
1625177060104 0 99
1625177125601 0 149
1625177191407 0 199
1625177256671 0 249
1625177320496 0 299
1625177363693 0 332
1625177429148 0 332
1625177473487 1 349
1625177537366 1 399
1625177601361 1 449
1625177666752 1 499
1625177732443 1 549
1625177797284 1 599
1625177860090 1 649
1625177881877 1 665
1625177943408 1 665
1625178008555 2 699
1625178072987 2 749
1625178137129 2 799
1625178202573 2 849
1625178267864 2 899
1625178332255 2 949
1625178395356 2 998
1625178460884 2 998
1625178481078 3 999
1625178548123 3 1049
1625178612343 3 1099
1625178677195 3 1149
1625178741807 3 1199
1625178807606 3 1249
1625178871352 3 1299
1625178913240 3 1331
1625178973851 3 1331
1625179018681 4 1349
1625179083070 4 1399
1625179147338 4 1449
1625179211465 4 1499
1625179275708 4 1549
1625179341270 4 1599
1625179404004 4 1649
1625179424817 4 1664
1625179486954 4 1664
1625179553652 5 1699
1625179618323 5 1749
1625179682319 5 1799
1625179746500 5 1849
1625179811786 5 1899
1625179875860 5 1949
1625179936679 5 1997
1625180002201 5 1997
1625180031378 6 1999
1625180100406 6 2049
1625180165905 6 2099
1625180230811 6 2149
1625180296443 6 2199
1625180361755 6 2249
1625180425267 6 2299
1625180465090 6 2330
1625180535193 6 2330
1625180583962 7 2349
1625180649328 7 2399
1625180715574 7 2449
1625180780302 7 2499
1625180845410 7 2549
1625180910532 7 2599
1625180973293 7 2649
1625180991654 7 2663
1625181058532 7 2663
1625181136481 8 2699
1625181201590 8 2749
1625181267308 8 2799
1625181332123 8 2849
1625181397370 8 2899
1625181462145 8 2949
1625181521963 8 2996
1625181588150 8 2996
1625181613991 9 2999
1625181683555 9 3049
1625181749318 9 3099
1625181815665 9 3149
1625181881253 9 3199
1625181947811 9 3249
1625182011422 9 3299
1625182049913 9 3329
1625182119183 9 3329
1625182173535 10 3349
1625182238947 10 3399
1625182304255 10 3449
1625182369889 10 3499
1625182435112 10 3549
1625182500048 10 3599
1625182562675 10 3649
1625182579962 10 3662
1625182647089 10 3662
1625182726384 11 3699
1625182791828 11 3749
1625182857218 11 3799
1625182923080 11 3849
1625182988477 11 3899
1625183053037 11 3949
1625183111656 11 3995
1625183179224 11 3995
1625183208777 12 3999
1625183279450 12 4049
1625183345049 12 4099
1625183411078 12 4149
1625183476725 12 4199
1625183542426 12 4249
1625183606022 12 4299
1625183642845 12 4328
1625183708437 12 4328
1625183761959 13 4349
1625183826708 13 4399
1625183892278 13 4449
1625183957535 13 4499
1625184022784 13 4549
1625184087840 13 4599
1625184150455 13 4649
1625184166302 13 4661
1625184233061 13 4661
1625184312351 14 4699
1625184378248 14 4749
1625184443492 14 4799
1625184508916 14 4849
1625184574648 14 4899
1625184639451 14 4949
1625184696702 14 4994
1625184764452 14 4994
1625184793076 15 4999
1625184862399 15 5049
1625184927414 15 5099
1625184992690 15 5149
1625185057946 15 5199
1625185123272 15 5249
1625185186834 15 5299
1625185222973 15 5327
1625185290546 15 5327
1625185350265 16 5349
1625185415130 16 5399
1625185480894 16 5449
1625185546048 16 5499
1625185611361 16 5549
1625185677096 16 5599
1625185739716 16 5649
1625185754400 16 5660
1625185823128 16 5660
1625185902992 17 5699
1625185968158 17 5749
1625186033431 17 5799
1625186098910 17 5849
1625186164151 17 5899
1625186228677 17 5949
1625186284768 17 5993
1625186351938 17 5993
1625186383926 18 5999
1625186454693 18 6049
1625186519803 18 6099
1625186584869 18 6149
1625186650251 18 6199
1625186715293 18 6249
1625186778796 18 6299
1625186813634 18 6326
1625186880200 18 6326
1625186939752 19 6349
1625187004565 19 6399
1625187070277 19 6449
1625187135598 19 6499
1625187201197 19 6549
1625187266282 19 6599
1625187328914 19 6649
1625187342608 19 6659
1625187411295 19 6659
1625187494105 20 6699
1625187559602 20 6749
1625187625154 20 6799
1625187690571 20 6849
1625187756258 20 6899
1625187820060 20 6949
1625187874601 20 6992
1625187942381 20 6992
1625187978296 21 6999
1625188046933 21 7049
1625188112638 21 7099
1625188178164 21 7149
1625188243946 21 7199
1625188309707 21 7249
1625188373119 21 7299
1625188406580 21 7325
1625188476326 21 7325
1625188537808 22 7349
1625188602681 22 7399
1625188668178 22 7449
1625188733989 22 7499
1625188799032 22 7549
1625188863847 22 7599
1625188926491 22 7649
1625188938612 22 7658
1625189006088 22 7658
1625189082896 23 7699
1625189148270 23 7749
1625189213686 23 7799
1625189278756 23 7849
1625189343627 23 7899
1625189407758 23 7949
1625189461395 23 7991
1625189528903 23 7991
1625189563549 24 7999
1625189632968 24 8049
1625189699050 24 8099
1625189764758 24 8149
1625189830162 24 8199
1625189895893 24 8249
1625189959286 24 8299
1625189991116 24 8324
1625190059005 24 8324
1625190121187 25 8349
1625190187260 25 8399
1625190252777 25 8449
1625190318007 25 8499
1625190383206 25 8549
1625190448010 25 8599
1625190510721 25 8649
1625190521623 25 8657
1625190588847 25 8657
1625190671635 26 8699
1625190736503 26 8749
1625190801687 26 8799
1625190866726 26 8849
1625190932489 26 8899
1625190996845 26 8949
1625191049185 26 8990
1625191118261 26 8990
1625191156901 27 8999
1625191225561 27 9049
1625191291096 27 9099
1625191356052 27 9149
1625191422022 27 9199
1625191487424 27 9249
1625191551111 27 9299
1625191582271 27 9323
1625191648840 27 9323
1625191714844 28 9349
1625191780152 28 9399
1625191846164 28 9449
1625191911223 28 9499
1625191976147 28 9549
1625192041507 28 9599
1625192104194 28 9649
1625192113898 28 9656
1625192180354 28 9656
1625192265139 29 9699
1625192330555 29 9749
1625192395936 29 9799
1625192460782 29 9849
1625192526001 29 9899
1625192590560 29 9949
1625192641784 29 9989
1625192709738 29 9989
1625192753408 30 9999
1625192818285 30 10049
1625192883924 30 10099
1625192949684 30 10149
1625193015572 30 10199
1625193080808 30 10249
1625193143960 30 10299
1625193173987 30 10322
1625193241590 30 10322
1625193303607 31 10349
1625193369674 31 10399
1625193435425 31 10449
1625193501084 31 10499
1625193566353 31 10549
1625193632127 31 10599
1625193694785 31 10649
1625193703325 31 10655
1625193773269 31 10655
1625193858199 32 10699
1625193924042 32 10749
1625193990556 32 10799
1625194056100 32 10849
1625194122007 32 10899
1625194185974 32 10949
1625194235941 32 10988
1625194306447 32 10988
1625194348368 33 10999
1625194414070 33 11049
1625194480278 33 11099
1625194546132 33 11149
1625194611525 33 11199
1625194676459 33 11249
1625194739764 33 11299
1625194767981 33 11321
1625194835720 33 11321
1625194903147 34 11349
1625194968521 34 11399
1625195033503 34 11449
1625195099520 34 11499
1625195164416 34 11549
1625195229190 34 11599
1625195291864 34 11649
1625195298931 34 11654
1625195368572 34 11654
1625195455017 35 11699
1625195520523 35 11749
1625195587334 35 11799
1625195652627 35 11849
1625195718254 35 11899
1625195782312 35 11949
1625195830352 35 11987
1625195895650 35 11987
1625195935338 36 11999
1625196006377 36 12049
1625196072480 36 12099
1625196137801 36 12149
1625196203513 36 12199
1625196269386 36 12249
1625196332696 36 12299
1625196359899 36 12320
1625196425543 36 12320
1625196493763 37 12349
1625196559105 37 12399
1625196625082 37 12449
1625196691085 37 12499
1625196756549 37 12549
1625196821165 37 12599
1625196883797 37 12649
1625196889762 37 12653
1625196957127 37 12653
1625197045370 38 12699
1625197111627 38 12749
1625197176509 38 12799
1625197241903 38 12849
1625197307513 38 12899
1625197372030 38 12949
1625197419389 38 12986
1625197489038 38 12986
1625197534122 39 12999
1625197599384 39 13049
1625197664563 39 13099
1625197729719 39 13149
1625197795135 39 13199
1625197860976 39 13249
1625197924307 39 13299
1625197950577 39 13319
1625198018008 39 13319
1625198088160 40 13349
1625198153659 40 13399
1625198219957 40 13449
1625198286031 40 13499
1625198351461 40 13549
1625198416684 40 13599
1625198479337 40 13649
1625198484044 40 13652
1625198553414 40 13652
1625198643803 41 13699
1625198709330 41 13749
1625198774878 41 13799
1625198840101 41 13849
1625198905066 41 13899
1625198969260 41 13949
1625199015503 41 13985
1625199082673 41 13985
1625199131384 42 13999
1625199197253 42 14049
1625199262608 42 14099
1625199327833 42 14149
1625199393725 42 14199
1625199459051 42 14249
1625199522065 42 14299
1625199546958 42 14318
1625199616867 42 14318
1625199685066 43 14349
1625199750400 43 14399
1625199816569 43 14449
1625199882441 43 14499
1625199948174 43 14549
1625200013233 43 14599
1625200075933 43 14649
1625200079459 43 14651
1625200147109 43 14651
1625200239666 44 14699
1625200305401 44 14749
1625200371310 44 14799
1625200436941 44 14849
1625200502495 44 14899
1625200566676 44 14949
1625200611690 44 14984
1625200678812 44 14984
1625200728995 45 14999
1625200796416 45 15049
1625200862651 45 15099
1625200928206 45 15149
1625200993568 45 15199
1625201058826 45 15249
1625201121926 45 15299
1625201145517 45 15317
1625201212371 45 15317
1625201287175 46 15349
1625201352785 46 15399
1625201418349 46 15449
1625201484357 46 15499
1625201549725 46 15549
1625201614766 46 15599
1625201677607 46 15649
1625201679997 46 15650
1625201750172 46 15650
1625201846084 47 15699
1625201912132 47 15749
1625201978009 47 15799
1625202043432 47 15849
1625202109015 47 15899
1625202173410 47 15949
1625202217173 47 15983
1625202283695 47 15983
1625202329835 48 15999
1625202395662 48 16049
1625202461876 48 16099
1625202526986 48 16149
1625202593243 48 16199
1625202658744 48 16249
1625202721726 48 16299
1625202744112 48 16316
1625202810168 48 16316
1625202884244 49 16349
1625202949551 49 16399
1625203015276 49 16449
1625203081389 49 16499
1625203146888 49 16549
1625203211310 49 16599
1625203275110 49 16649
1625203275158 49 16649
1625203345553 49 16649
