1625176909420 0.001 0
1625177429154 0.0009990133642141358 333
1625177943414 0.000996057350657239 666
1625178460890 0.0009911436253643444 999
1625178973856 0.0009842915805643156 1332
1625179486960 0.0009755282581475769 1665
1625180002206 0.0009648882429441258 1998
1625180535198 0.0009524135262330099 2331
1625181058538 0.0009381533400219318 2664
1625181588156 0.0009221639627510075 2997
1625182119189 0.0009045084971874736 3330
1625182647094 0.0008852566213878945 3663
1625183179230 0.0008644843137107056 3996
1625183708442 0.0008422735529643443 4329
1625184233066 0.0008187119948743448 4662
1625184764458 0.0007938926261462366 4995
1625185290551 0.0007679133974894982 5328
1625185823133 0.0007408768370508576 5661
1625186351943 0.0007128896457825362 5994
1625186880206 0.0006840622763423389 6327
1625187411301 0.0006545084971874735 6660
1625187942387 0.0006243449435824271 6993
1625188476332 0.0005936906572928622 7326
1625189006110 0.000562666616782152 7659
1625189528908 0.0005313952597646566 7992
1625190059011 0.0004999999999999998 8325
1625190588853 0.00046860474023534314 8658
1625191118266 0.00043733338321784774 8991
1625191648845 0.00040630934270713756 9324
1625192180367 0.00037565505641757246 9657
1625192709774 0.00034549150281252633 9990
1625193241595 0.00031593772365766105 10323
1625193773274 0.00028711035421746355 10656
1625194306453 0.0002591231629491422 10989
1625194835726 0.00023208660251050145 11322
1625195368578 0.00020610737385376337 11655
1625195895656 0.00018128800512565502 11988
1625196425549 0.00015772644703565555 12321
1625196957132 0.00013551568628929425 12654
1625197489047 0.00011474337861210535 12987
1625198018029 9.549150281252626e-05 13320
1625198553420 7.783603724899252e-05 13653
1625199082682 6.184665997806817e-05 13986
1625199616873 4.7586473766990294e-05 14319
1625200147114 3.5111757055874305e-05 14652
1625200678818 2.4471741852423218e-05 14985
1625201212380 1.5708419435684507e-05 15318
1625201750177 8.856374635655634e-06 15651
1625202283700 3.942649342761115e-06 15984
1625202810173 9.866357858642198e-07 16317
