1625177429096 0.6700342297554016 0
1625177943389 0.7685840725898743 1
1625178460848 0.704226016998291 2
1625178973826 0.5876655578613281 3
1625179486824 0.7148577570915222 4
1625180002195 0.706823468208313 5
1625180535172 0.6345406770706177 6
1625181058508 0.5062421560287476 7
1625181588098 0.45747852325439453 8
1625182119087 0.6857098937034607 9
1625182647049 0.7413095235824585 10
1625183179207 0.6684725284576416 11
1625183708409 0.5195093154907227 12
1625184232939 0.6659423112869263 13
1625184764318 0.5455672740936279 14
1625185290508 0.6544766426086426 15
1625185823091 0.45105069875717163 16
1625186351919 0.6778203248977661 17
1625186880143 0.47274714708328247 18
1625187410983 0.5728261470794678 19
1625187942338 0.5095451474189758 20
1625188476278 0.49481427669525146 21
1625189006046 0.4742688536643982 22
1625189528827 0.7124230861663818 23
1625190058840 0.4924180507659912 24
1625190588818 0.5778942108154297 25
1625191118198 0.6511363983154297 26
1625191648803 0.3984687626361847 27
1625192180335 0.5980449318885803 28
1625192709565 0.5253139138221741 29
1625193241480 0.3685130178928375 30
1625193773196 0.45514100790023804 31
1625194306423 0.5002827048301697 32
1625194835676 0.5368950366973877 33
1625195368414 0.6181203126907349 34
1625195895591 0.6144205331802368 35
1625196425505 0.6361442804336548 36
1625196957099 0.6695581674575806 37
1625197488999 0.5540370941162109 38
1625198017833 0.44995206594467163 39
1625198553376 0.6976409554481506 40
1625199082628 0.43602830171585083 41
1625199616826 0.5062121152877808 42
1625200147083 0.5016129612922668 43
1625200678584 0.5781426429748535 44
1625201212323 0.5281919836997986 45
1625201750149 0.4919853210449219 46
1625202283636 0.7421031594276428 47
1625202810148 0.5966126918792725 48
1625203345439 0.4688853919506073 49
