1625176995305 0.6931108236312866 49
1625177060104 0.6934871077537537 99
1625177125601 0.6937195062637329 149
1625177191407 0.6916766166687012 199
1625177256671 0.6933207511901855 249
1625177320496 0.6874971389770508 299
1625177429096 0.6700342297554016 0
1625177473487 0.6858004331588745 349
1625177537366 0.6814715266227722 399
1625177601361 0.6762570142745972 449
1625177666752 0.6769343614578247 499
1625177732443 0.6560824513435364 549
1625177797284 0.6702845096588135 599
1625177860090 0.6678654551506042 649
1625177943389 0.7685840725898743 1
1625178008555 0.6837239265441895 699
1625178072987 0.6651452779769897 749
1625178137129 0.6651386618614197 799
1625178202573 0.6496809124946594 849
1625178267864 0.6792943477630615 899
1625178332255 0.6571565866470337 949
1625178460848 0.704226016998291 2
1625178481078 0.6624516248703003 999
1625178548123 0.6391763687133789 1049
1625178612343 0.6498967409133911 1099
1625178677195 0.6352548599243164 1149
1625178741807 0.6370106935501099 1199
1625178807606 0.6763070821762085 1249
1625178871352 0.6579312086105347 1299
1625178973826 0.5876655578613281 3
1625179018681 0.6555821895599365 1349
1625179083070 0.6216568350791931 1399
1625179147338 0.6361857652664185 1449
1625179211465 0.6235080361366272 1499
1625179275708 0.6209830045700073 1549
1625179341270 0.598802924156189 1599
1625179404004 0.6299471259117126 1649
1625179486824 0.7148577570915222 4
1625179553652 0.6396814584732056 1699
1625179618323 0.6507254242897034 1749
1625179682319 0.6336984634399414 1799
1625179746500 0.6365959644317627 1849
1625179811786 0.6489701271057129 1899
1625179875860 0.5974193215370178 1949
1625180002195 0.706823468208313 5
1625180031378 0.6087926626205444 1999
1625180100406 0.6310665011405945 2049
1625180165905 0.6115788221359253 2099
1625180230811 0.6334004998207092 2149
1625180296443 0.6260640025138855 2199
1625180361755 0.6116897463798523 2249
1625180425267 0.6019456386566162 2299
1625180535172 0.6345406770706177 6
1625180583962 0.5768199563026428 2349
1625180649328 0.6286073327064514 2399
1625180715574 0.612652063369751 2449
1625180780302 0.6271191835403442 2499
1625180845410 0.5930728912353516 2549
1625180910532 0.6171794533729553 2599
1625180973293 0.6145591735839844 2649
1625181058508 0.5062421560287476 7
1625181136481 0.6187164783477783 2699
1625181201590 0.607891321182251 2749
1625181267308 0.6009988784790039 2799
1625181332123 0.6030161380767822 2849
1625181397370 0.5893726348876953 2899
1625181462145 0.594929575920105 2949
1625181588098 0.45747852325439453 8
1625181613991 0.6010984182357788 2999
1625181683555 0.5909996032714844 3049
1625181749318 0.6027517318725586 3099
1625181815665 0.596764862537384 3149
1625181881253 0.6069673299789429 3199
1625181947811 0.5971575975418091 3249
1625182011422 0.6013522148132324 3299
1625182119087 0.6857098937034607 9
1625182173535 0.5990145206451416 3349
1625182238947 0.5969007611274719 3399
1625182304255 0.6102010607719421 3449
1625182369889 0.6133474111557007 3499
1625182435112 0.6371777653694153 3549
1625182500048 0.5491629838943481 3599
1625182562675 0.5853114128112793 3649
1625182647049 0.7413095235824585 10
1625182726384 0.6271975040435791 3699
1625182791828 0.611006498336792 3749
1625182857218 0.5855288505554199 3799
1625182923080 0.6051748991012573 3849
1625182988477 0.6029188632965088 3899
1625183053037 0.5609256029129028 3949
1625183179207 0.6684725284576416 11
1625183208777 0.5934271216392517 3999
1625183279450 0.578260064125061 4049
1625183345049 0.6177688837051392 4099
1625183411078 0.599570095539093 4149
1625183476725 0.6103591918945312 4199
1625183542426 0.5857158899307251 4249
1625183606022 0.5954218506813049 4299
1625183708409 0.5195093154907227 12
1625183761959 0.5954826474189758 4349
1625183826708 0.5942358374595642 4399
1625183892278 0.5843547582626343 4449
1625183957535 0.5794863104820251 4499
1625184022784 0.5998494625091553 4549
1625184087840 0.6190803647041321 4599
1625184150455 0.5832290649414062 4649
1625184232939 0.6659423112869263 13
1625184312351 0.5779706835746765 4699
1625184378248 0.5933311581611633 4749
1625184443492 0.5970615148544312 4799
1625184508916 0.5843386054039001 4849
1625184574648 0.5779088139533997 4899
1625184639451 0.6131567358970642 4949
1625184764318 0.5455672740936279 14
1625184793076 0.6190832853317261 4999
1625184862399 0.6233261823654175 5049
1625184927414 0.6208895444869995 5099
1625184992690 0.604193925857544 5149
1625185057946 0.5830340385437012 5199
1625185123272 0.6179999709129333 5249
1625185186834 0.598027765750885 5299
1625185290508 0.6544766426086426 15
1625185350265 0.5695087313652039 5349
1625185415130 0.5942418575286865 5399
1625185480894 0.549579381942749 5449
1625185546048 0.580406665802002 5499
1625185611361 0.6005929708480835 5549
1625185677096 0.6333558559417725 5599
1625185739716 0.5895704627037048 5649
1625185823091 0.45105069875717163 16
1625185902992 0.5948717594146729 5699
1625185968158 0.5956898331642151 5749
1625186033431 0.5795616507530212 5799
1625186098910 0.6096577644348145 5849
1625186164151 0.6009625792503357 5899
1625186228677 0.5605193376541138 5949
1625186351919 0.6778203248977661 17
1625186383926 0.5653162598609924 5999
1625186454693 0.5849812030792236 6049
1625186519803 0.5685083866119385 6099
1625186584869 0.5991145372390747 6149
1625186650251 0.5897561311721802 6199
1625186715293 0.6116939187049866 6249
1625186778796 0.6008907556533813 6299
1625186880143 0.47274714708328247 18
1625186939752 0.5789044499397278 6349
1625187004565 0.6011413931846619 6399
1625187070277 0.5481842160224915 6449
1625187135598 0.5900387167930603 6499
1625187201197 0.5830985307693481 6549
1625187266282 0.598506510257721 6599
1625187328914 0.5966141223907471 6649
1625187410983 0.5728261470794678 19
1625187494105 0.6219632625579834 6699
1625187559602 0.605497419834137 6749
1625187625154 0.5800542831420898 6799
1625187690571 0.6316919922828674 6849
1625187756258 0.5812067985534668 6899
1625187820060 0.5855506658554077 6949
1625187942338 0.5095451474189758 20
1625187978296 0.6073727607727051 6999
1625188046933 0.5988060235977173 7049
1625188112638 0.5867040157318115 7099
1625188178164 0.5939856767654419 7149
1625188243946 0.5971866846084595 7199
1625188309707 0.5652297735214233 7249
1625188373119 0.560304582118988 7299
1625188476278 0.49481427669525146 21
1625188537808 0.5747774839401245 7349
1625188602681 0.5652813911437988 7399
1625188668178 0.565173864364624 7449
1625188733989 0.6035957336425781 7499
1625188799032 0.5894757509231567 7549
1625188863847 0.6009378433227539 7599
1625188926491 0.5604823231697083 7649
1625189006046 0.4742688536643982 22
1625189082896 0.5760540962219238 7699
1625189148270 0.5694667100906372 7749
1625189213686 0.5839055776596069 7799
1625189278756 0.5745401382446289 7849
1625189343627 0.5706943869590759 7899
1625189407758 0.5768147706985474 7949
1625189528827 0.7124230861663818 23
1625189563549 0.582857072353363 7999
1625189632968 0.5745241641998291 8049
1625189699050 0.6072975993156433 8099
1625189764758 0.578176736831665 8149
1625189830162 0.5692031383514404 8199
1625189895893 0.6163167953491211 8249
1625189959286 0.6141732931137085 8299
1625190058840 0.4924180507659912 24
1625190121187 0.5922684669494629 8349
1625190187260 0.5749218463897705 8399
1625190252777 0.551853597164154 8449
1625190318007 0.5779626965522766 8499
1625190383206 0.6066557168960571 8549
1625190448010 0.5966593027114868 8599
1625190510721 0.58730149269104 8649
1625190588818 0.5778942108154297 25
1625190671635 0.5875769853591919 8699
1625190736503 0.5896735191345215 8749
1625190801687 0.5801565647125244 8799
1625190866726 0.5802577137947083 8849
1625190932489 0.6276979446411133 8899
1625190996845 0.5919293165206909 8949
1625191118198 0.6511363983154297 26
1625191156901 0.5880597233772278 8999
1625191225561 0.5930360555648804 9049
1625191291096 0.6046985983848572 9099
1625191356052 0.5861647725105286 9149
1625191422022 0.5699672102928162 9199
1625191487424 0.5893908739089966 9249
1625191551111 0.5892245769500732 9299
1625191648803 0.3984687626361847 27
1625191714844 0.5883669853210449 9349
1625191780152 0.5802634954452515 9399
1625191846164 0.5919541120529175 9449
1625191911223 0.5984586477279663 9499
1625191976147 0.6019238829612732 9549
1625192041507 0.5932692289352417 9599
1625192104194 0.584945559501648 9649
1625192180335 0.5980449318885803 28
1625192265139 0.5446048974990845 9699
1625192330555 0.5867544412612915 9749
1625192395936 0.5830707550048828 9799
1625192460782 0.5521897077560425 9849
1625192526001 0.5730715990066528 9899
1625192590560 0.5643585324287415 9949
1625192709565 0.5253139138221741 29
1625192753408 0.5697169303894043 9999
1625192818285 0.6163408160209656 10049
1625192883924 0.5654861927032471 10099
1625192949684 0.5484243035316467 10149
1625193015572 0.609716534614563 10199
1625193080808 0.5761334896087646 10249
1625193143960 0.5834881067276001 10299
1625193241480 0.3685130178928375 30
1625193303607 0.5916473269462585 10349
1625193369674 0.5837934017181396 10399
1625193435425 0.5970401763916016 10449
1625193501084 0.591128408908844 10499
1625193566353 0.5973261594772339 10549
1625193632127 0.538253903388977 10599
1625193694785 0.6032865643501282 10649
1625193773196 0.45514100790023804 31
1625193858199 0.5855690240859985 10699
1625193924042 0.5423031449317932 10749
1625193990556 0.5723201036453247 10799
1625194056100 0.5737048387527466 10849
1625194122007 0.5687894821166992 10899
1625194185974 0.590506374835968 10949
1625194306423 0.5002827048301697 32
1625194348368 0.5852915048599243 10999
1625194414070 0.6031238436698914 11049
1625194480278 0.5854216814041138 11099
1625194546132 0.5600593090057373 11149
1625194611525 0.5763870477676392 11199
1625194676459 0.5659114718437195 11249
1625194739764 0.5888491868972778 11299
1625194835676 0.5368950366973877 33
1625194903147 0.5788600444793701 11349
1625194968521 0.547120213508606 11399
1625195033503 0.5886539816856384 11449
1625195099520 0.5613754987716675 11499
1625195164416 0.5686476230621338 11549
1625195229190 0.5826153755187988 11599
1625195291864 0.5689720511436462 11649
1625195368414 0.6181203126907349 34
1625195455017 0.5876160860061646 11699
1625195520523 0.5765786170959473 11749
1625195587334 0.5923559665679932 11799
1625195652627 0.5841573476791382 11849
1625195718254 0.583774209022522 11899
1625195782312 0.6099550724029541 11949
1625195895591 0.6144205331802368 35
1625195935338 0.5903228521347046 11999
1625196006377 0.5821259021759033 12049
1625196072480 0.6046702861785889 12099
1625196137801 0.5684179663658142 12149
1625196203513 0.5713018178939819 12199
1625196269386 0.5951755046844482 12249
1625196332696 0.5630761981010437 12299
1625196425505 0.6361442804336548 36
1625196493763 0.5819931626319885 12349
1625196559105 0.5922386646270752 12399
1625196625082 0.577856183052063 12449
1625196691085 0.5860914587974548 12499
1625196756549 0.5774149298667908 12549
1625196821165 0.6163938045501709 12599
1625196883797 0.5573604106903076 12649
1625196957099 0.6695581674575806 37
1625197045370 0.5711130499839783 12699
1625197111627 0.5663435459136963 12749
1625197176509 0.5759717226028442 12799
1625197241903 0.587391197681427 12849
1625197307513 0.5636096000671387 12899
1625197372030 0.5779635906219482 12949
1625197488999 0.5540370941162109 38
1625197534122 0.590397834777832 12999
1625197599384 0.5610414743423462 13049
1625197664563 0.5923178791999817 13099
1625197729719 0.6042692065238953 13149
1625197795135 0.5898427963256836 13199
1625197860976 0.58763587474823 13249
1625197924307 0.5535567998886108 13299
1625198017833 0.44995206594467163 39
1625198088160 0.5484702587127686 13349
1625198153659 0.5638596415519714 13399
1625198219957 0.5971511602401733 13449
1625198286031 0.5877386331558228 13499
1625198351461 0.6007816195487976 13549
1625198416684 0.5732116103172302 13599
1625198479337 0.5648031234741211 13649
1625198553376 0.6976409554481506 40
1625198643803 0.5879857540130615 13699
1625198709330 0.5328385233879089 13749
1625198774878 0.5911096334457397 13799
1625198840101 0.5694108009338379 13849
1625198905066 0.5845948457717896 13899
1625198969260 0.5974020957946777 13949
1625199082628 0.43602830171585083 41
1625199131384 0.6068511605262756 13999
1625199197253 0.5652309656143188 14049
1625199262608 0.6031954288482666 14099
1625199327833 0.5975457429885864 14149
1625199393725 0.6243760585784912 14199
1625199459051 0.5565521717071533 14249
1625199522065 0.5863114595413208 14299
1625199616826 0.5062121152877808 42
1625199685066 0.5942143797874451 14349
1625199750400 0.5736518502235413 14399
1625199816569 0.5473054051399231 14449
1625199882441 0.5369353294372559 14499
1625199948174 0.5683376789093018 14549
1625200013233 0.5981155633926392 14599
1625200075933 0.5594636797904968 14649
1625200147083 0.5016129612922668 43
1625200239666 0.5763813853263855 14699
1625200305401 0.5914921760559082 14749
1625200371310 0.5730223655700684 14799
1625200436941 0.5951117873191833 14849
1625200502495 0.5711590051651001 14899
1625200566676 0.602027416229248 14949
1625200678584 0.5781426429748535 44
1625200728995 0.5492473840713501 14999
1625200796416 0.5726934671401978 15049
1625200862651 0.5719934105873108 15099
1625200928206 0.5540395379066467 15149
1625200993568 0.5700075626373291 15199
1625201058826 0.6090606451034546 15249
1625201121926 0.5698018670082092 15299
1625201212323 0.5281919836997986 45
1625201287175 0.5715227723121643 15349
1625201352785 0.593317449092865 15399
1625201418349 0.5758171677589417 15449
1625201484357 0.5863291621208191 15499
1625201549725 0.5795056819915771 15549
1625201614766 0.5612064003944397 15599
1625201677607 0.5991579294204712 15649
1625201750149 0.4919853210449219 46
1625201846084 0.5703785419464111 15699
1625201912132 0.5419984459877014 15749
1625201978009 0.5792438983917236 15799
1625202043432 0.5730772018432617 15849
1625202109015 0.552062451839447 15899
1625202173410 0.5639641284942627 15949
1625202283636 0.7421031594276428 47
1625202329835 0.5632175207138062 15999
1625202395662 0.5583892464637756 16049
1625202461876 0.5693125128746033 16099
1625202526986 0.604404091835022 16149
1625202593243 0.5756908655166626 16199
1625202658744 0.5903280973434448 16249
1625202721726 0.5682063102722168 16299
1625202810148 0.5966126918792725 48
1625202884244 0.5476444363594055 16349
1625202949551 0.593891441822052 16399
1625203015276 0.5573421716690063 16449
1625203081389 0.582160472869873 16499
1625203146888 0.5659986138343811 16549
1625203211310 0.5521913766860962 16599
1625203275110 0.4688853919506073 16649
1625203345439 0.4688853919506073 49
