1625177363693 0.6911237835884094 332
1625177429096 0.6911237835884094 0
1625177881877 0.6759330630302429 665
1625177943389 0.6759330630302429 1
1625178395356 0.6636837720870972 998
1625178460848 0.6636837720870972 2
1625178913240 0.647398054599762 1331
1625178973826 0.647398054599762 3
1625179424817 0.6314029097557068 1664
1625179486824 0.6314029097557068 4
1625179936679 0.6239858865737915 1997
1625180002195 0.6239858865737915 5
1625180465090 0.6170718669891357 2330
1625180535172 0.6170718669891357 6
1625180991654 0.611038327217102 2663
1625181058508 0.611038327217102 7
1625181521963 0.6073070168495178 2996
1625181588098 0.6073070168495178 8
1625182049913 0.6041426658630371 3329
1625182119087 0.6041426658630371 9
1625182579962 0.6005846261978149 3662
1625182647049 0.6005846261978149 10
1625183111656 0.5993568301200867 3995
1625183179207 0.5993568301200867 11
1625183642845 0.5975003242492676 4328
1625183708409 0.5975003242492676 12
1625184166302 0.5965136289596558 4661
1625184232939 0.5965136289596558 13
1625184696702 0.5950626134872437 4994
1625184764318 0.5950626134872437 14
1625185222973 0.591929018497467 5327
1625185290508 0.591929018497467 15
1625185754400 0.5906884074211121 5660
1625185823091 0.5906884074211121 16
1625186284768 0.5923205018043518 5993
1625186351919 0.5923205018043518 17
1625186813634 0.590243399143219 6326
1625186880143 0.590243399143219 18
1625187342608 0.5896008014678955 6659
1625187410983 0.5896008014678955 19
1625187874601 0.5885812640190125 6992
1625187942338 0.5885812640190125 20
1625188406580 0.5873590707778931 7325
1625188476278 0.5873590707778931 21
1625188938612 0.5865549445152283 7658
1625189006046 0.5865549445152283 22
1625189461395 0.5856758952140808 7991
1625189528827 0.5856758952140808 23
1625189991116 0.5842932462692261 8324
1625190058840 0.5842932462692261 24
1625190521623 0.5833215713500977 8657
1625190588818 0.5833215713500977 25
1625191049185 0.5848826766014099 8990
1625191118198 0.5848826766014099 26
1625191582271 0.5838557481765747 9323
1625191648803 0.5838557481765747 27
1625192113898 0.5821710228919983 9656
1625192180335 0.5821710228919983 28
1625192641784 0.5799597501754761 9989
1625192709565 0.5799597501754761 29
1625193173987 0.5814785957336426 10322
1625193241480 0.5814785957336426 30
1625193703325 0.5810249447822571 10655
1625193773196 0.5810249447822571 31
1625194235941 0.5816124081611633 10988
1625194306423 0.5816124081611633 32
1625194767981 0.5805220603942871 11321
1625194835676 0.5805220603942871 33
1625195298931 0.5787201523780823 11654
1625195368414 0.5787201523780823 34
1625195830352 0.5805724263191223 11987
1625195895591 0.5805724263191223 35
1625196359899 0.5791628956794739 12320
1625196425505 0.5791628956794739 36
1625196889762 0.5788264870643616 12653
1625196957099 0.5788264870643616 37
1625197419389 0.5798765420913696 12986
1625197488999 0.5798765420913696 38
1625197950577 0.5797469615936279 13319
1625198017833 0.5797469615936279 39
1625198484044 0.5768728852272034 13652
1625198553376 0.5768728852272034 40
1625199015503 0.5771110653877258 13985
1625199082628 0.5771110653877258 41
1625199546958 0.5760591626167297 14318
1625199616826 0.5760591626167297 42
1625200079459 0.5756517052650452 14651
1625200147083 0.5756517052650452 43
1625200611690 0.5763881206512451 14984
1625200678584 0.5763881206512451 44
1625201145517 0.5774890780448914 15317
1625201212323 0.5774890780448914 45
1625201679997 0.5767389535903931 15650
1625201750149 0.5767389535903931 46
1625202217173 0.5760543942451477 15983
1625202283636 0.5760543942451477 47
1625202744112 0.5752769112586975 16316
1625202810148 0.5752769112586975 48
1625203275158 0.5756644606590271 16649
1625203345439 0.5756644606590271 49
