1623617685567 0 49
1623617728811 0 99
1623617778466 0 149
1623617829459 0 199
1623617874553 0 249
1623617928806 0 299
1623617976361 0 349
1623618018415 0 399
1623618061151 0 449
1623618104198 0 499
1623618147285 0 549
1623618189762 0 599
1623618228332 0 649
1623618238736 0 664
1623618331243 0 664
1623618382702 1 699
1623618423974 1 749
1623618465659 1 799
1623618508087 1 849
1623618549643 1 899
1623618591939 1 949
1623618635103 1 999
1623618678159 1 1049
1623618720780 1 1099
1623618763895 1 1149
1623618806472 1 1199
1623618850051 1 1249
1623618893477 1 1299
1623618912625 1 1329
1623619003489 1 1329
1623619038767 2 1349
1623619080087 2 1399
1623619121913 2 1449
1623619164134 2 1499
1623619205672 2 1549
1623619247970 2 1599
1623619292695 2 1649
1623619335733 2 1699
1623619378620 2 1749
1623619421934 2 1799
1623619465889 2 1849
1623619509146 2 1899
1623619553194 2 1949
1623619585624 2 1994
1623619676467 2 1994
1623619696397 3 1999
1623619741491 3 2049
1623619783089 3 2099
1623619824790 3 2149
1623619866361 3 2199
1623619908623 3 2249
1623619951652 3 2299
1623619994144 3 2349
1623620037393 3 2399
1623620080123 3 2449
1623620123502 3 2499
1623620166545 3 2549
1623620208867 3 2599
1623620246653 3 2649
1623620253836 3 2659
1623620343659 3 2659
1623620397201 4 2699
1623620438624 4 2749
1623620480087 4 2799
1623620521298 4 2849
1623620563953 4 2899
1623620606588 4 2949
1623620649085 4 2999
1623620692008 4 3049
1623620734714 4 3099
1623620777524 4 3149
1623620820616 4 3199
1623620863898 4 3249
1623620905697 4 3299
1623620923528 4 3324
1623621018145 4 3324
1623621056651 5 3349
1623621098737 5 3399
1623621139991 5 3449
1623621182167 5 3499
1623621223879 5 3549
1623621266180 5 3599
1623621309380 5 3649
1623621351777 5 3699
1623621394459 5 3749
1623621436953 5 3799
1623621479414 5 3849
1623621522872 5 3899
1623621567043 5 3949
1623621594306 5 3989
1623621682818 5 3989
1623621701569 6 3999
1623621751400 6 4049
1623621792870 6 4099
1623621845336 6 4149
1623621888479 6 4199
1623621935355 6 4249
1623621983702 6 4299
1623622038742 6 4349
1623622086652 6 4399
1623622129616 6 4449
1623622172391 6 4499
1623622215719 6 4549
1623622258723 6 4599
1623622295390 6 4649
1623622300216 6 4654
1623622389697 6 4654
1623622444424 7 4699
1623622485105 7 4749
1623622527148 7 4799
1623622568864 7 4849
1623622610616 7 4899
1623622653148 7 4949
1623622695954 7 4999
1623622738714 7 5049
1623622781057 7 5099
1623622823887 7 5149
1623622866584 7 5199
1623622909355 7 5249
1623622949361 7 5299
1623622965145 7 5319
1623623058891 7 5319
1623623098979 8 5349
1623623147776 8 5399
1623623189371 8 5449
1623623231588 8 5499
1623623273325 8 5549
1623623315458 8 5599
1623623358075 8 5649
1623623400717 8 5699
1623623443953 8 5749
1623623486812 8 5799
1623623529658 8 5849
1623623572297 8 5899
1623623614728 8 5949
1623623639246 8 5984
1623623733976 8 5984
1623623757344 9 5999
1623623807240 9 6049
1623623848314 9 6099
1623623891529 9 6149
1623623933403 9 6199
1623623975548 9 6249
1623624018210 9 6299
1623624061502 9 6349
1623624103923 9 6399
1623624147500 9 6449
1623624190236 9 6499
1623624233656 9 6549
1623624276690 9 6599
1623624313066 9 6649
1623624313489 9 6649
1623624410088 9 6649
1623624470883 10 6699
1623624511896 10 6749
1623624553769 10 6799
1623624596241 10 6849
1623624638640 10 6899
1623624681601 10 6949
1623624724336 10 6999
1623624767143 10 7049
1623624809758 10 7099
1623624852689 10 7149
1623624895342 10 7199
1623624938348 10 7249
1623624977610 10 7299
1623624987886 10 7314
1623625084803 10 7314
1623625131780 11 7349
1623625174367 11 7399
1623625217536 11 7449
1623625262515 11 7499
1623625304017 11 7549
1623625348930 11 7599
1623625402640 11 7649
1623625448440 11 7699
1623625491926 11 7749
1623625535691 11 7799
1623625580894 11 7849
1623625624206 11 7899
1623625669253 11 7949
1623625688611 11 7979
1623625783848 11 7979
1623625815096 12 7999
1623625860382 12 8049
1623625902073 12 8099
1623625944025 12 8149
1623625985988 12 8199
1623626027735 12 8249
1623626070350 12 8299
1623626113428 12 8349
1623626157170 12 8399
1623626200777 12 8449
1623626243644 12 8499
1623626287076 12 8549
1623626329638 12 8599
1623626361920 12 8644
1623626454697 12 8644
1623626473178 13 8649
1623626518794 13 8699
1623626560597 13 8749
1623626601936 13 8799
1623626643866 13 8849
1623626685535 13 8899
1623626731492 13 8949
1623626780833 13 8999
1623626823003 13 9049
1623626866055 13 9099
1623626909203 13 9149
1623626952004 13 9199
1623626994637 13 9249
1623627031955 13 9299
1623627039434 13 9309
1623627131192 13 9309
1623627181933 14 9349
1623627223513 14 9399
1623627265274 14 9449
1623627307655 14 9499
1623627349293 14 9549
1623627392210 14 9599
1623627435384 14 9649
1623627478479 14 9699
1623627521501 14 9749
1623627563874 14 9799
1623627606742 14 9849
1623627648574 14 9899
1623627690141 14 9949
1623627707438 14 9974
1623627803252 14 9974
1623627837253 15 9999
1623627883508 15 10049
1623627932215 15 10099
1623627976004 15 10149
1623628017040 15 10199
1623628056530 15 10249
1623628111484 15 10299
1623628154297 15 10349
1623628206241 15 10399
1623628252773 15 10449
1623628300157 15 10499
1623628351289 15 10549
1623628394571 15 10599
1623628423645 15 10639
1623628517713 15 10639
1623628540965 16 10649
1623628587794 16 10699
1623628630200 16 10749
1623628671619 16 10799
1623628714118 16 10849
1623628755997 16 10899
1623628799145 16 10949
1623628841371 16 10999
1623628883926 16 11049
1623628926430 16 11099
1623628969145 16 11149
1623629012171 16 11199
1623629056332 16 11249
1623629092594 16 11299
1623629097397 16 11304
1623629193468 16 11304
1623629248721 17 11349
1623629293065 17 11399
1623629338908 17 11449
1623629388269 17 11499
1623629427641 17 11549
1623629479151 17 11599
1623629527674 17 11649
1623629582029 17 11699
1623629625947 17 11749
1623629669111 17 11799
1623629711593 17 11849
1623629755279 17 11899
1623629795376 17 11949
1623629809147 17 11969
1623629907275 17 11969
1623629949732 18 11999
1623629992442 18 12049
1623630038471 18 12099
1623630084104 18 12149
1623630133188 18 12199
1623630179059 18 12249
1623630222299 18 12299
1623630265798 18 12349
1623630308913 18 12399
1623630351223 18 12449
1623630395164 18 12499
1623630438140 18 12549
1623630481978 18 12599
1623630505858 18 12634
1623630599282 18 12634
1623630627253 19 12649
1623630671025 19 12699
1623630712635 19 12749
1623630754794 19 12799
1623630796263 19 12849
1623630837966 19 12899
1623630886839 19 12949
1623630932433 19 12999
1623630984674 19 13049
1623631037969 19 13099
1623631081417 19 13149
1623631124804 19 13199
1623631167753 19 13249
1623631203991 19 13299
1623631204485 19 13299
1623631298816 19 13299
1623631357411 20 13349
1623631398977 20 13399
1623631441150 20 13449
1623631482807 20 13499
1623631524451 20 13549
1623631568716 20 13599
1623631614577 20 13649
1623631664899 20 13699
1623631708236 20 13749
1623631751660 20 13799
1623631794702 20 13849
1623631838452 20 13899
1623631876927 20 13949
1623631887750 20 13964
1623631983676 20 13964
1623632030527 21 13999
1623632071825 21 14049
1623632114835 21 14099
1623632156689 21 14149
1623632199136 21 14199
1623632241301 21 14249
1623632285616 21 14299
1623632329037 21 14349
1623632373005 21 14399
1623632416139 21 14449
1623632459275 21 14499
1623632502332 21 14549
1623632545037 21 14599
1623632564968 21 14629
1623632663901 21 14629
1623632698639 22 14649
1623632739666 22 14699
1623632781557 22 14749
1623632823659 22 14799
1623632862118 22 14849
1623632910185 22 14899
1623632961137 22 14949
1623633013982 22 14999
1623633057971 22 15049
1623633102484 22 15099
1623633144767 22 15149
1623633187810 22 15199
1623633231055 22 15249
1623633263428 22 15294
1623633355465 22 15294
1623633373087 23 15299
1623633418732 23 15349
1623633460300 23 15399
1623633501854 23 15449
1623633544560 23 15499
1623633586461 23 15549
1623633629657 23 15599
1623633672852 23 15649
1623633716122 23 15699
1623633758829 23 15749
1623633801597 23 15799
1623633844700 23 15849
1623633887800 23 15899
1623633925261 23 15949
1623633933106 23 15959
1623634025786 23 15959
1623634076562 24 15999
1623634117711 24 16049
1623634159381 24 16099
1623634201358 24 16149
1623634240850 24 16199
1623634285652 24 16249
1623634335819 24 16299
1623634385342 24 16349
1623634433919 24 16399
1623634483855 24 16449
1623634536803 24 16499
1623634584092 24 16549
1623634625477 24 16599
1623634642440 24 16624
1623634741712 24 16624
1623634775424 25 16649
1623634827429 25 16699
1623634870244 25 16749
1623634911733 25 16799
1623634954149 25 16849
1623634996355 25 16899
1623635040061 25 16949
1623635083339 25 16999
1623635126560 25 17049
1623635169436 25 17099
1623635214572 25 17149
1623635263760 25 17199
1623635307593 25 17249
1623635336077 25 17289
1623635431367 25 17289
