1623617627779 0.001 0
1623618331254 0.0009990133642141358 665
1623619003500 0.000996057350657239 1330
1623619676478 0.0009911436253643444 1995
1623620343670 0.0009842915805643156 2660
1623621018150 0.0009755282581475769 3325
1623621682829 0.0009648882429441258 3990
1623622389708 0.0009524135262330099 4655
1623623058904 0.0009381533400219318 5320
1623623733987 0.0009221639627510075 5985
1623624410094 0.0009045084971874736 6650
1623625084816 0.0008852566213878945 7315
1623625783861 0.0008644843137107056 7980
1623626454709 0.0008422735529643443 8645
1623627131204 0.0008187119948743448 9310
1623627803258 0.0007938926261462366 9975
1623628517724 0.0007679133974894982 10640
1623629193481 0.0007408768370508576 11305
1623629907286 0.0007128896457825362 11970
1623630599308 0.0006840622763423389 12635
1623631298822 0.0006545084971874735 13300
1623631983689 0.0006243449435824271 13965
1623632663912 0.0005936906572928622 14630
1623633355474 0.000562666616782152 15295
1623634025798 0.0005313952597646566 15960
1623634741720 0.0004999999999999998 16625
