1623617685567 0.6930875778198242 49
1623617728811 0.6931438446044922 99
1623617778466 0.6932722926139832 149
1623617829459 0.6931648850440979 199
1623617874553 0.692907452583313 249
1623617928806 0.6931142807006836 299
1623617976361 0.6933602094650269 349
1623618018415 0.6931637525558472 399
1623618061151 0.6930721402168274 449
1623618104198 0.6931236982345581 499
1623618147285 0.6930657029151917 549
1623618189762 0.6931540966033936 599
1623618228332 0.6931272745132446 649
1623618331114 0.6932397484779358 0
1623618382702 0.6932414770126343 699
1623618423974 0.6930387020111084 749
1623618465659 0.6929935812950134 799
1623618508087 0.6932598352432251 849
1623618549643 0.6931483745574951 899
1623618591939 0.6932082176208496 949
1623618635103 0.693126916885376 999
1623618678159 0.6926499009132385 1049
1623618720780 0.6931644678115845 1099
1623618763895 0.6931209564208984 1149
1623618806472 0.693110466003418 1199
1623618850051 0.6932060718536377 1249
1623618893477 0.6930776834487915 1299
1623619003422 0.6929987668991089 1
1623619038767 0.6930177807807922 1349
1623619080087 0.6931482553482056 1399
1623619121913 0.6931960582733154 1449
1623619164134 0.6931326389312744 1499
1623619205672 0.6931431293487549 1549
1623619247970 0.6931433081626892 1599
1623619292695 0.6931775808334351 1649
1623619335733 0.693151593208313 1699
1623619378620 0.693152904510498 1749
1623619421934 0.693152666091919 1799
1623619465889 0.6931483745574951 1849
1623619509146 0.6931471824645996 1899
1623619553194 0.693156898021698 1949
1623619676385 0.6932120323181152 2
1623619696397 0.6931469440460205 1999
1623619741491 0.6931459903717041 2049
1623619783089 0.693149209022522 2099
1623619824790 0.693143367767334 2149
1623619866361 0.6931344270706177 2199
1623619908623 0.6931382417678833 2249
1623619951652 0.6931599974632263 2299
1623619994144 0.693135142326355 2349
1623620037393 0.6931414604187012 2399
1623620080123 0.6931493282318115 2449
1623620123502 0.6931412220001221 2499
1623620166545 0.6931548118591309 2549
1623620208867 0.6931471824645996 2599
1623620246653 0.6931437253952026 2649
1623620343585 0.6931301355361938 3
1623620397201 0.6931450963020325 2699
1623620438624 0.693163275718689 2749
1623620480087 0.6931336522102356 2799
1623620521298 0.6931378841400146 2849
1623620563953 0.6931581497192383 2899
1623620606588 0.6931452751159668 2949
1623620649085 0.6931276917457581 2999
1623620692008 0.6931867599487305 3049
1623620734714 0.6931416988372803 3099
1623620777524 0.6931442022323608 3149
1623620820616 0.6931518316268921 3199
1623620863898 0.6931484937667847 3249
1623620905697 0.6931461095809937 3299
1623621017819 0.693144679069519 4
1623621056651 0.6931477189064026 3349
1623621098737 0.6931484937667847 3399
1623621139991 0.6931476593017578 3449
1623621182167 0.6931468844413757 3499
1623621223879 0.6931746006011963 3549
1623621266180 0.6931673884391785 3599
1623621309380 0.6931595802307129 3649
1623621351777 0.6931820511817932 3699
1623621394459 0.6931196451187134 3749
1623621436953 0.6931436061859131 3799
1623621479414 0.6931177377700806 3849
1623621522872 0.6931154131889343 3899
1623621567043 0.6931487321853638 3949
1623621682748 0.6931596994400024 5
1623621701569 0.6931487321853638 3999
1623621751400 0.6931437253952026 4049
1623621792870 0.6931465864181519 4099
1623621845336 0.6931454539299011 4149
1623621888479 0.6931477189064026 4199
1623621935355 0.6931463479995728 4249
1623621983702 0.6931483745574951 4299
1623622038742 0.6931474208831787 4349
1623622086652 0.6931556463241577 4399
1623622129616 0.6931567788124084 4449
1623622172391 0.6931467056274414 4499
1623622215719 0.6931462287902832 4549
1623622258723 0.6931473016738892 4599
1623622295390 0.6931451559066772 4649
1623622389465 0.6931639909744263 6
1623622444424 0.6931472420692444 4699
1623622485105 0.6931456327438354 4749
1623622527148 0.6931489109992981 4799
1623622568864 0.6931554079055786 4849
1623622610616 0.6931300163269043 4899
1623622653148 0.6931461095809937 4949
1623622695954 0.6930949687957764 4999
1623622738714 0.6931184530258179 5049
1623622781057 0.693153440952301 5099
1623622823887 0.69330233335495 5149
1623622866584 0.693168580532074 5199
1623622909355 0.6929969787597656 5249
1623622949361 0.6933926343917847 5299
1623623058824 0.6934773325920105 7
1623623098979 0.6931294202804565 5349
1623623147776 0.6931204199790955 5399
1623623189371 0.6930598020553589 5449
1623623231588 0.6931909322738647 5499
1623623273325 0.6930619478225708 5549
1623623315458 0.6932388544082642 5599
1623623358075 0.6930762529373169 5649
1623623400717 0.6930860280990601 5699
1623623443953 0.693040132522583 5749
1623623486812 0.6930813193321228 5799
1623623529658 0.6932307481765747 5849
1623623572297 0.6932415962219238 5899
1623623614728 0.6931549310684204 5949
1623623733818 0.693067193031311 8
1623623757344 0.6931306719779968 5999
1623623807240 0.6931363344192505 6049
1623623848314 0.6931216716766357 6099
1623623891529 0.693150520324707 6149
1623623933403 0.6931487321853638 6199
1623623975548 0.6930184960365295 6249
1623624018210 0.6932101845741272 6299
1623624061502 0.6931999325752258 6349
1623624103923 0.6931648254394531 6399
1623624147500 0.6931499242782593 6449
1623624190236 0.6931474208831787 6499
1623624233656 0.6931560039520264 6549
1623624276690 0.6931471228599548 6599
1623624313066 0.6931583881378174 6649
1623624409802 0.6931583881378174 9
1623624470883 0.6931575536727905 6699
1623624511896 0.6931494474411011 6749
1623624553769 0.6931424736976624 6799
1623624596241 0.6931014657020569 6849
1623624638640 0.6931520104408264 6899
1623624681601 0.693152904510498 6949
1623624724336 0.6931471824645996 6999
1623624767143 0.6931467652320862 7049
1623624809758 0.693146824836731 7099
1623624852689 0.6931450366973877 7149
1623624895342 0.6931391954421997 7199
1623624938348 0.6931421160697937 7249
1623624977610 0.6931444406509399 7299
1623625084718 0.6931169629096985 10
1623625131780 0.6931478381156921 7349
1623625174367 0.693148136138916 7399
1623625217536 0.6931471228599548 7449
1623625262515 0.6931470036506653 7499
1623625304017 0.6931470632553101 7549
1623625348930 0.6931616067886353 7599
1623625402640 0.693149745464325 7649
1623625448440 0.6931468844413757 7699
1623625491926 0.693149209022522 7749
1623625535691 0.6931424736976624 7799
1623625580894 0.6931455731391907 7849
1623625624206 0.6931469440460205 7899
1623625669253 0.693152904510498 7949
1623625783765 0.6932343244552612 11
1623625815096 0.6931412816047668 7999
1623625860382 0.6931467056274414 8049
1623625902073 0.6931419372558594 8099
1623625944025 0.6931424736976624 8149
1623625985988 0.6931509971618652 8199
1623626027735 0.6931470632553101 8249
1623626070350 0.6931471824645996 8299
1623626113428 0.6931507587432861 8349
1623626157170 0.6931482553482056 8399
1623626200777 0.6931478381156921 8449
1623626243644 0.6931471824645996 8499
1623626287076 0.6931477785110474 8549
1623626329638 0.6931471824645996 8599
1623626454608 0.6931340098381042 12
1623626473178 0.6931599378585815 8649
1623626518794 0.6931427121162415 8699
1623626560597 0.6931455731391907 8749
1623626601936 0.6931443214416504 8799
1623626643866 0.6931484937667847 8849
1623626685535 0.6931406259536743 8899
1623626731492 0.6931453943252563 8949
1623626780833 0.6931658983230591 8999
1623626823003 0.6930810213088989 9049
1623626866055 0.6931629180908203 9099
1623626909203 0.6931557059288025 9149
1623626952004 0.6931500434875488 9199
1623626994637 0.6931314468383789 9249
1623627031955 0.6931735277175903 9299
1623627131110 0.6934031248092651 13
1623627181933 0.6931322813034058 9349
1623627223513 0.69316565990448 9399
1623627265274 0.693060040473938 9449
1623627307655 0.693140983581543 9499
1623627349293 0.6931233406066895 9549
1623627392210 0.6931390166282654 9599
1623627435384 0.6931538581848145 9649
1623627478479 0.6931723356246948 9699
1623627521501 0.6931118965148926 9749
1623627563874 0.6931530237197876 9799
1623627606742 0.6931600570678711 9849
1623627648574 0.6931466460227966 9899
1623627690141 0.6931332945823669 9949
1623627803005 0.6931434869766235 14
1623627837253 0.6931120753288269 9999
1623627883508 0.6931352019309998 10049
1623627932215 0.6931525468826294 10099
1623627976004 0.6931580305099487 10149
1623628017040 0.6931426525115967 10199
1623628056530 0.6931489706039429 10249
1623628111484 0.6931218504905701 10299
1623628154297 0.69317227602005 10349
1623628206241 0.6931297779083252 10399
1623628252773 0.6931735873222351 10449
1623628300157 0.6933079957962036 10499
1623628351289 0.6929171681404114 10549
1623628394571 0.6931589841842651 10599
1623628517605 0.693092405796051 15
1623628540965 0.6929810643196106 10649
1623628587794 0.6931543350219727 10699
1623628630200 0.6931213140487671 10749
1623628671619 0.6931633949279785 10799
1623628714118 0.6930566430091858 10849
1623628755997 0.6932177543640137 10899
1623628799145 0.6931246519088745 10949
1623628841371 0.6932322978973389 10999
1623628883926 0.6932231783866882 11049
1623628926430 0.6930846571922302 11099
1623628969145 0.6931086778640747 11149
1623629012171 0.6931766271591187 11199
1623629056332 0.6930935382843018 11249
1623629092594 0.6931489706039429 11299
1623629193305 0.6931914687156677 16
1623629248721 0.6932052373886108 11349
1623629293065 0.6931641101837158 11399
1623629338908 0.6931268572807312 11449
1623629388269 0.6931939721107483 11499
1623629427641 0.6931486129760742 11549
1623629479151 0.6928847432136536 11599
1623629527674 0.6928135752677917 11649
1623629582029 0.6931130290031433 11699
1623629625947 0.6931565403938293 11749
1623629669111 0.6931450366973877 11799
1623629711593 0.69316565990448 11849
1623629755279 0.6931520700454712 11899
1623629795376 0.6931372284889221 11949
1623629907109 0.6931648254394531 17
1623629949732 0.693146824836731 11999
1623629992442 0.6931463479995728 12049
1623630038471 0.6931811571121216 12099
1623630084104 0.6931344270706177 12149
1623630133188 0.693143367767334 12199
1623630179059 0.6931273937225342 12249
1623630222299 0.6931312084197998 12299
1623630265798 0.6931688785552979 12349
1623630308913 0.6931489706039429 12399
1623630351223 0.6931067705154419 12449
1623630395164 0.6931314468383789 12499
1623630438140 0.6931511163711548 12549
1623630481978 0.693170428276062 12599
1623630599158 0.6931195259094238 18
1623630627253 0.6931401491165161 12649
1623630671025 0.6931359767913818 12699
1623630712635 0.6931412816047668 12749
1623630754794 0.6931284666061401 12799
1623630796263 0.6931594014167786 12849
1623630837966 0.6931615471839905 12899
1623630886839 0.6931511163711548 12949
1623630932433 0.6931625604629517 12999
1623630984674 0.6931381225585938 13049
1623631037969 0.6931689977645874 13099
1623631081417 0.6931450366973877 13149
1623631124804 0.6931530237197876 13199
1623631167753 0.6931490302085876 13249
1623631203991 0.6931478977203369 13299
1623631298503 0.6931478977203369 19
1623631357411 0.6931482553482056 13349
1623631398977 0.693148136138916 13399
1623631441150 0.693146288394928 13449
1623631482807 0.6931467056274414 13499
1623631524451 0.6931551694869995 13549
1623631568716 0.6931430101394653 13599
1623631614577 0.6931520700454712 13649
1623631664899 0.6931546330451965 13699
1623631708236 0.6931424140930176 13749
1623631751660 0.6931520700454712 13799
1623631794702 0.6931309700012207 13849
1623631838452 0.6930743455886841 13899
1623631876927 0.6931930780410767 13949
1623631983570 0.6931484937667847 20
1623632030527 0.6931326389312744 13999
1623632071825 0.6931748390197754 14049
1623632114835 0.6931537389755249 14099
1623632156689 0.6931873559951782 14149
1623632199136 0.6930909156799316 14199
1623632241301 0.6931494474411011 14249
1623632285616 0.6931540369987488 14299
1623632329037 0.6931954026222229 14349
1623632373005 0.6931154727935791 14399
1623632416139 0.6931407451629639 14449
1623632459275 0.6931455135345459 14499
1623632502332 0.6931551694869995 14549
1623632545037 0.6931095123291016 14599
1623632663748 0.6930922865867615 21
1623632698639 0.6931284666061401 14649
1623632739666 0.6931542158126831 14699
1623632781557 0.6931769251823425 14749
1623632823659 0.6931225061416626 14799
1623632862118 0.6931273341178894 14849
1623632910185 0.6931514739990234 14899
1623632961137 0.6931444406509399 14949
1623633013982 0.6931414604187012 14999
1623633057971 0.6931427717208862 15049
1623633102484 0.6931431293487549 15099
1623633144767 0.6931586265563965 15149
1623633187810 0.6931495070457458 15199
1623633231055 0.6931508779525757 15249
1623633355274 0.6931625604629517 22
1623633373087 0.6931520700454712 15299
1623633418732 0.6931442618370056 15349
1623633460300 0.6931495666503906 15399
1623633501854 0.6931475400924683 15449
1623633544560 0.6931563019752502 15499
1623633586461 0.6931424736976624 15549
1623633629657 0.6931455135345459 15599
1623633672852 0.6931408643722534 15649
1623633716122 0.6931511163711548 15699
1623633758829 0.6931704878807068 15749
1623633801597 0.6931369304656982 15799
1623633844700 0.6931484341621399 15849
1623633887800 0.6931490898132324 15899
1623633925261 0.6931459903717041 15949
1623634025721 0.6931661367416382 23
1623634076562 0.6931468844413757 15999
1623634117711 0.6931459903717041 16049
1623634159381 0.6931514739990234 16099
1623634201358 0.693139374256134 16149
1623634240850 0.6931475400924683 16199
1623634285652 0.6931310892105103 16249
1623634335819 0.69316565990448 16299
1623634385342 0.6931471824645996 16349
1623634433919 0.6931453943252563 16399
1623634483855 0.6931461095809937 16449
1623634536803 0.693146824836731 16499
1623634584092 0.693151593208313 16549
1623634625477 0.6931555271148682 16599
1623634741309 0.6931464672088623 24
1623634775424 0.6931561231613159 16649
1623634827429 0.6931480169296265 16699
1623634870244 0.6931461095809937 16749
1623634911733 0.6931477189064026 16799
1623634954149 0.6931548714637756 16849
1623634996355 0.6931501626968384 16899
1623635040061 0.6931475400924683 16949
1623635083339 0.693146288394928 16999
1623635126560 0.6931428909301758 17049
1623635169436 0.6931475400924683 17099
1623635214572 0.693145215511322 17149
1623635263760 0.6931475400924683 17199
1623635307593 0.6931471824645996 17249
1623635431264 0.6931413412094116 25
