1623618331114 0.6932397484779358 0
1623619003422 0.6929987668991089 1
1623619676385 0.6932120323181152 2
1623620343585 0.6931301355361938 3
1623621017819 0.693144679069519 4
1623621682748 0.6931596994400024 5
1623622389465 0.6931639909744263 6
1623623058824 0.6934773325920105 7
1623623733818 0.693067193031311 8
1623624409802 0.6931583881378174 9
1623625084718 0.6931169629096985 10
1623625783765 0.6932343244552612 11
1623626454608 0.6931340098381042 12
1623627131110 0.6934031248092651 13
1623627803005 0.6931434869766235 14
1623628517605 0.693092405796051 15
1623629193305 0.6931914687156677 16
1623629907109 0.6931648254394531 17
1623630599158 0.6931195259094238 18
1623631298503 0.6931478977203369 19
1623631983570 0.6931484937667847 20
1623632663748 0.6930922865867615 21
1623633355274 0.6931625604629517 22
1623634025721 0.6931661367416382 23
1623634741309 0.6931464672088623 24
1623635431264 0.6931413412094116 25
