1623618238736 0.6931588053703308 664
1623618331114 0.6931588053703308 0
1623618912625 0.693149745464325 1329
1623619003422 0.693149745464325 1
1623619585624 0.6931495666503906 1994
1623619676385 0.6931495666503906 2
1623620253836 0.6931479573249817 2659
1623620343585 0.6931479573249817 3
1623620923528 0.6931480765342712 3324
1623621017819 0.6931480765342712 4
1623621594306 0.6931491494178772 3989
1623621682748 0.6931491494178772 5
1623622300216 0.6931477785110474 4654
1623622389465 0.6931477785110474 6
1623622965145 0.6931479573249817 5319
1623623058824 0.6931479573249817 7
1623623639246 0.6931475400924683 5984
1623623733818 0.6931475400924683 8
1623624313489 0.693148136138916 6649
1623624409802 0.693148136138916 9
1623624987886 0.6931476593017578 7314
1623625084718 0.6931476593017578 10
1623625688611 0.6931473612785339 7979
1623625783765 0.6931473612785339 11
1623626361920 0.6931474208831787 8644
1623626454608 0.6931474208831787 12
1623627039434 0.6931471228599548 9309
1623627131110 0.6931471228599548 13
1623627707438 0.6931477785110474 9974
1623627803005 0.6931477785110474 14
1623628423645 0.6931455135345459 10639
1623628517605 0.6931455135345459 15
1623629097397 0.6931492686271667 11304
1623629193305 0.6931492686271667 16
1623629809147 0.6931487917900085 11969
1623629907109 0.6931487917900085 17
1623630505858 0.6931473612785339 12634
1623630599158 0.6931473612785339 18
1623631204485 0.693147599697113 13299
1623631298503 0.693147599697113 19
1623631887750 0.6931470036506653 13964
1623631983570 0.6931470036506653 20
1623632564968 0.6931470036506653 14629
1623632663748 0.6931470036506653 21
1623633263428 0.693148136138916 15294
1623633355274 0.693148136138916 22
1623633933106 0.6931473612785339 15959
1623634025721 0.6931473612785339 23
1623634642440 0.6931471824645996 16624
1623634741309 0.6931471824645996 24
1623635336077 0.6931473612785339 17289
1623635431264 0.6931473612785339 25
