1625177120715 0 49
1625177187121 0 99
1625177253106 0 149
1625177318705 0 199
1625177384510 0 249
1625177448655 0 299
1625177490853 0 332
1625177559154 0 332
1625177609195 1 349
1625177674532 1 399
1625177740482 1 449
1625177806135 1 499
1625177871864 1 549
1625177937167 1 599
1625178000185 1 649
1625178021316 1 665
1625178091098 1 665
1625178166382 2 699
1625178231958 2 749
1625178298009 2 799
1625178363898 2 849
1625178429259 2 899
1625178494246 2 949
1625178556649 2 998
1625178625118 2 998
1625178649456 3 999
1625178723358 3 1049
1625178789109 3 1099
1625178855154 3 1149
1625178920932 3 1199
1625178987520 3 1249
1625179051019 3 1299
1625179092064 3 1331
1625179162234 3 1331
1625179217135 4 1349
1625179281817 4 1399
1625179348185 4 1449
1625179413475 4 1499
1625179478717 4 1549
1625179544911 4 1599
1625179607694 4 1649
1625179627501 4 1664
1625179696903 4 1664
1625179769023 5 1699
1625179835110 5 1749
1625179900674 5 1799
1625179966381 5 1849
1625180032318 5 1899
1625180097489 5 1949
1625180158824 5 1997
1625180230424 5 1997
1625180257438 6 1999
1625180328176 6 2049
1625180394362 6 2099
1625180460532 6 2149
1625180526811 6 2199
1625180592662 6 2249
1625180656723 6 2299
1625180696617 6 2330
1625180766191 6 2330
1625180818004 7 2349
1625180884844 7 2399
1625180950705 7 2449
1625181016980 7 2499
1625181082359 7 2549
1625181148183 7 2599
1625181210884 7 2649
1625181229462 7 2663
1625181298544 7 2663
1625181375108 8 2699
1625181440971 8 2749
1625181506416 8 2799
1625181572727 8 2849
1625181638215 8 2899
1625181703097 8 2949
1625181763465 8 2996
1625181829143 8 2996
1625181856712 9 2999
1625181926637 9 3049
1625181992777 9 3099
1625182059014 9 3149
1625182124508 9 3199
1625182190861 9 3249
1625182254894 9 3299
1625182293521 9 3329
1625182363121 9 3329
1625182422418 10 3349
1625182488067 10 3399
1625182554039 10 3449
1625182619892 10 3499
1625182686643 10 3549
1625182752161 10 3599
1625182814880 10 3649
1625182832214 10 3662
1625182903361 10 3662
1625182983875 11 3699
1625183050057 11 3749
1625183116018 11 3799
1625183182068 11 3849
1625183248086 11 3899
1625183312644 11 3949
1625183371454 11 3995
1625183440819 11 3995
1625183471285 12 3999
1625183539760 12 4049
1625183604934 12 4099
1625183670680 12 4149
1625183735987 12 4199
1625183801163 12 4249
1625183864668 12 4299
1625183902086 12 4328
1625183970125 12 4328
1625184027223 13 4349
1625184092629 13 4399
1625184158799 13 4449
1625184224952 13 4499
1625184291479 13 4549
1625184357114 13 4599
1625184419855 13 4649
1625184435887 13 4661
1625184505202 13 4661
1625184583750 14 4699
1625184649650 14 4749
1625184715635 14 4799
1625184781652 14 4849
1625184847776 14 4899
1625184912224 14 4949
1625184969731 14 4994
1625185039521 14 4994
1625185071789 15 4999
1625185141853 15 5049
1625185208218 15 5099
1625185273612 15 5149
1625185339133 15 5199
1625185404799 15 5249
1625185468536 15 5299
1625185504674 15 5327
1625185575571 15 5327
1625185635993 16 5349
1625185701965 16 5399
1625185768180 16 5449
1625185833630 16 5499
1625185898964 16 5549
1625185964504 16 5599
1625186027211 16 5649
1625186042035 16 5660
1625186113247 16 5660
1625186198853 17 5699
1625186265031 17 5749
1625186331127 17 5799
1625186396901 17 5849
1625186462249 17 5899
1625186526359 17 5949
1625186582545 17 5993
1625186647915 17 5993
1625186684360 18 5999
1625186753882 18 6049
1625186819998 18 6099
1625186885450 18 6149
1625186951293 18 6199
1625187017102 18 6249
1625187080868 18 6299
1625187115731 18 6326
1625187186283 18 6326
1625187248190 19 6349
1625187313863 19 6399
1625187380008 19 6449
1625187445707 19 6499
1625187511632 19 6549
1625187577399 19 6599
1625187640089 19 6649
1625187653681 19 6659
1625187723554 19 6659
1625187804621 20 6699
1625187870094 20 6749
1625187936046 20 6799
1625188001458 20 6849
1625188067875 20 6899
1625188132441 20 6949
1625188187428 20 6992
1625188259133 20 6992
1625188289975 21 6999
1625188359581 21 7049
1625188426089 21 7099
1625188492736 21 7149
1625188558359 21 7199
1625188624493 21 7249
1625188688094 21 7299
1625188721238 21 7325
1625188787245 21 7325
1625188849345 22 7349
1625188915069 22 7399
1625188980998 22 7449
1625189047233 22 7499
1625189112703 22 7549
1625189179624 22 7599
1625189242338 22 7649
1625189254432 22 7658
1625189322056 22 7658
1625189405969 23 7699
1625189471934 23 7749
1625189537787 23 7799
1625189602985 23 7849
1625189668930 23 7899
1625189733051 23 7949
1625189786455 23 7991
1625189853867 23 7991
1625189891504 24 7999
1625189960941 24 8049
1625190027707 24 8099
1625190093337 24 8149
1625190159306 24 8199
1625190224423 24 8249
1625190288112 24 8299
1625190320457 24 8324
1625190392186 24 8324
1625190453884 25 8349
1625190519686 25 8399
1625190586263 25 8449
1625190652291 25 8499
1625190717573 25 8549
1625190783153 25 8599
1625190845872 25 8649
1625190856876 25 8657
1625190926546 25 8657
1625191014000 26 8699
1625191080437 26 8749
1625191146643 26 8799
1625191212959 26 8849
1625191278843 26 8899
1625191343236 26 8949
1625191395607 26 8990
1625191465128 26 8990
1625191506170 27 8999
1625191575023 27 9049
1625191640944 27 9099
1625191705701 27 9149
1625191771788 27 9199
1625191837038 27 9249
1625191900459 27 9299
1625191931645 27 9323
1625192001594 27 9323
1625192064204 28 9349
1625192129524 28 9399
1625192195616 28 9449
1625192261840 28 9499
1625192327439 28 9549
1625192392917 28 9599
1625192455620 28 9649
1625192465088 28 9656
1625192533644 28 9656
1625192619939 29 9699
1625192685406 29 9749
1625192750893 29 9799
1625192816794 29 9849
1625192882769 29 9899
1625192947087 29 9949
1625192998404 29 9989
1625193069360 29 9989
1625193111903 30 9999
1625193176795 30 10049
1625193242174 30 10099
1625193308217 30 10149
1625193373993 30 10199
1625193439885 30 10249
1625193503652 30 10299
1625193533382 30 10322
1625193604803 30 10322
1625193669449 31 10349
1625193734888 31 10399
1625193801131 31 10449
1625193866957 31 10499
1625193932386 31 10549
1625193997453 31 10599
1625194060210 31 10649
1625194069138 31 10655
1625194137458 31 10655
1625194228251 32 10699
1625194294416 32 10749
1625194359783 32 10799
1625194425129 32 10849
1625194490731 32 10899
1625194555040 32 10949
1625194605011 32 10988
1625194674999 32 10988
1625194720164 33 10999
1625194785901 33 11049
1625194852002 33 11099
1625194917291 33 11149
1625194982661 33 11199
1625195047818 33 11249
1625195111397 33 11299
1625195139597 33 11321
1625195208396 33 11321
1625195275207 34 11349
1625195341157 34 11399
1625195406664 34 11449
1625195472600 34 11499
1625195538236 34 11549
1625195603610 34 11599
1625195666877 34 11649
1625195673963 34 11654
1625195744421 34 11654
1625195829360 35 11699
1625195895994 35 11749
1625195961939 35 11799
1625196027535 35 11849
1625196093182 35 11899
1625196157466 35 11949
1625196205819 35 11987
1625196275381 35 11987
1625196315438 36 11999
1625196383046 36 12049
1625196449233 36 12099
1625196515205 36 12149
1625196582438 36 12199
1625196647881 36 12249
1625196711121 36 12299
1625196738432 36 12320
1625196807206 36 12320
1625196873022 37 12349
1625196938291 37 12399
1625197004160 37 12449
1625197069693 37 12499
1625197135266 37 12549
1625197200343 37 12599
1625197263067 37 12649
1625197269056 37 12653
1625197339721 37 12653
1625197432272 38 12699
1625197498540 38 12749
1625197564905 38 12799
1625197630616 38 12849
1625197696630 38 12899
1625197760543 38 12949
1625197807696 38 12986
1625197878140 38 12986
1625197923725 39 12999
1625197990157 39 13049
1625198056299 39 13099
1625198122199 39 13149
1625198187685 39 13199
1625198254304 39 13249
1625198317483 39 13299
1625198343129 39 13319
1625198409615 39 13319
1625198476336 40 13349
1625198541912 40 13399
1625198607539 40 13449
1625198673885 40 13499
1625198739849 40 13549
1625198805062 40 13599
1625198867825 40 13649
1625198872539 40 13652
1625198942886 40 13652
1625199033861 41 13699
1625199099332 41 13749
1625199165233 41 13799
1625199230951 41 13849
1625199296535 41 13899
1625199360627 41 13949
1625199406679 41 13985
1625199476197 41 13985
1625199526966 42 13999
1625199592246 42 14049
1625199658801 42 14099
1625199725213 42 14149
1625199791354 42 14199
1625199856470 42 14249
1625199919774 42 14299
1625199944567 42 14318
1625200014421 42 14318
1625200086923 43 14349
1625200153217 43 14399
1625200219048 43 14449
1625200285210 43 14499
1625200351663 43 14549
1625200417170 43 14599
1625200479898 43 14649
1625200483369 43 14651
1625200552921 43 14651
1625200647099 44 14699
1625200712793 44 14749
1625200778410 44 14799
1625200844210 44 14849
1625200909354 44 14899
1625200973223 44 14949
1625201018131 44 14984
1625201087745 44 14984
1625201136389 45 14999
1625201205064 45 15049
1625201270706 45 15099
1625201337058 45 15149
1625201402593 45 15199
1625201468536 45 15249
1625201531768 45 15299
1625201554849 45 15317
1625201621012 45 15317
1625201690133 46 15349
1625201755816 46 15399
1625201820925 46 15449
1625201886815 46 15499
1625201952364 46 15549
1625202017008 46 15599
1625202079739 46 15649
1625202082184 46 15650
1625202154052 46 15650
1625202246632 47 15699
1625202312614 47 15749
1625202378397 47 15799
1625202443974 47 15849
1625202509235 47 15899
1625202573092 47 15949
1625202616566 47 15983
1625202684391 47 15983
1625202730724 48 15999
1625202797709 48 16049
1625202863651 48 16099
1625202928974 48 16149
1625202993651 48 16199
1625203059142 48 16249
1625203122211 48 16299
1625203144709 48 16316
1625203216839 48 16316
1625203289235 49 16349
1625203355044 49 16399
1625203420515 49 16449
1625203486085 49 16499
1625203551163 49 16549
1625203616042 49 16599
1625203679771 49 16649
1625203679974 49 16649
1625203749433 49 16649
