1625177120715 0.6937903165817261 49
1625177187121 0.6927813291549683 99
1625177253106 0.6927305459976196 149
1625177318705 0.6926037669181824 199
1625177384510 0.693185567855835 249
1625177448655 0.6927790641784668 299
1625177559049 0.6938134431838989 0
1625177609195 0.6929106712341309 349
1625177674532 0.6933678388595581 399
1625177740482 0.6930949091911316 449
1625177806135 0.6930521130561829 499
1625177871864 0.6932536363601685 549
1625177937167 0.6930440664291382 599
1625178000185 0.6927827596664429 649
1625178090959 0.6905121803283691 1
1625178166382 0.6935982704162598 699
1625178231958 0.6935582160949707 749
1625178298009 0.6931180953979492 799
1625178363898 0.6931918263435364 849
1625178429259 0.6931341290473938 899
1625178494246 0.6930884122848511 949
1625178625026 0.6923333406448364 2
1625178649456 0.6931833028793335 999
1625178723358 0.6932711005210876 1049
1625178789109 0.693138599395752 1099
1625178855154 0.6931825876235962 1149
1625178920932 0.6931421756744385 1199
1625178987520 0.6928840279579163 1249
1625179051019 0.6931300163269043 1299
1625179162111 0.6938876509666443 3
1625179217135 0.6931802034378052 1349
1625179281817 0.6931531429290771 1399
1625179348185 0.693123996257782 1449
1625179413475 0.6930854320526123 1499
1625179478717 0.6931535005569458 1549
1625179544911 0.6931800842285156 1599
1625179607694 0.6932165026664734 1649
1625179695581 0.6932889223098755 4
1625179769023 0.6934074759483337 1699
1625179835110 0.6931099891662598 1749
1625179900674 0.693193793296814 1799
1625179966381 0.6931989789009094 1849
1625180032318 0.6931358575820923 1899
1625180097489 0.6931366920471191 1949
1625180230337 0.691600501537323 5
1625180257438 0.6929746270179749 1999
1625180328176 0.693153977394104 2049
1625180394362 0.6932036876678467 2099
1625180460532 0.6931754946708679 2149
1625180526811 0.6935479640960693 2199
1625180592662 0.6931002140045166 2249
1625180656723 0.6932729482650757 2299
1625180766156 0.6931185126304626 6
1625180818004 0.6931465864181519 2349
1625180884844 0.6930819153785706 2399
1625180950705 0.6934539675712585 2449
1625181016980 0.6940324902534485 2499
1625181082359 0.6927101612091064 2549
1625181148183 0.6916748285293579 2599
1625181210884 0.6916548013687134 2649
1625181298465 0.6900250911712646 7
1625181375108 0.6916408538818359 2699
1625181440971 0.690130352973938 2749
1625181506416 0.6901692152023315 2799
1625181572727 0.6871763467788696 2849
1625181638215 0.6836261749267578 2899
1625181703097 0.6917074918746948 2949
1625181829048 0.6817100048065186 8
1625181856712 0.6891359686851501 2999
1625181926637 0.6840662956237793 3049
1625181992777 0.6886369585990906 3099
1625182059014 0.6795028448104858 3149
1625182124508 0.6822097301483154 3199
1625182190861 0.6777842044830322 3249
1625182254894 0.6889996528625488 3299
1625182362245 0.6930972933769226 9
1625182422418 0.6829319000244141 3349
1625182488067 0.6818026900291443 3399
1625182554039 0.6881259679794312 3449
1625182619892 0.6784948110580444 3499
1625182686643 0.6804172992706299 3549
1625182752161 0.6748777627944946 3599
1625182814880 0.67984938621521 3649
1625182903268 0.6681385040283203 10
1625182983875 0.6820479035377502 3699
1625183050057 0.6812804937362671 3749
1625183116018 0.6750885248184204 3799
1625183182068 0.6708747148513794 3849
1625183248086 0.6782292723655701 3899
1625183312644 0.6753097176551819 3949
1625183440748 0.6542309522628784 11
1625183471285 0.6727089881896973 3999
1625183539760 0.6703872680664062 4049
1625183604934 0.6761823892593384 4099
1625183670680 0.668060839176178 4149
1625183735987 0.6582332253456116 4199
1625183801163 0.6596485376358032 4249
1625183864668 0.6736205816268921 4299
1625183970079 0.6878588199615479 12
1625184027223 0.678949236869812 4349
1625184092629 0.6719380617141724 4399
1625184158799 0.6833105683326721 4449
1625184224952 0.6715521812438965 4499
1625184291479 0.6785480976104736 4549
1625184357114 0.6606325507164001 4599
1625184419855 0.6606363654136658 4649
1625184505114 0.6399177312850952 13
1625184583750 0.6939821839332581 4699
1625184649650 0.6617197394371033 4749
1625184715635 0.675051212310791 4799
1625184781652 0.6621146202087402 4849
1625184847776 0.6490607261657715 4899
1625184912224 0.6654095649719238 4949
1625185038638 0.4825749099254608 14
1625185071789 0.7028533220291138 4999
1625185141853 0.6775683164596558 5049
1625185208218 0.6632201671600342 5099
1625185273612 0.6438785791397095 5149
1625185339133 0.6807801723480225 5199
1625185404799 0.6574820876121521 5249
1625185468536 0.641790509223938 5299
1625185575492 0.6280052661895752 15
1625185635993 0.6679457426071167 5349
1625185701965 0.6596830487251282 5399
1625185768180 0.6707779169082642 5449
1625185833630 0.6693487167358398 5499
1625185898964 0.664886474609375 5549
1625185964504 0.6540102958679199 5599
1625186027211 0.657185435295105 5649
1625186113174 0.5372888445854187 16
1625186198853 0.6383712887763977 5699
1625186265031 0.6498130559921265 5749
1625186331127 0.6552287936210632 5799
1625186396901 0.6377619504928589 5849
1625186462249 0.6509284377098083 5899
1625186526359 0.6632544994354248 5949
1625186647831 0.547172486782074 17
1625186684360 0.6659283638000488 5999
1625186753882 0.6339203715324402 6049
1625186819998 0.6513224840164185 6099
1625186885450 0.6618534922599792 6149
1625186951293 0.6627624034881592 6199
1625187017102 0.6632900238037109 6249
1625187080868 0.6607550978660583 6299
1625187186227 0.7183064222335815 18
1625187248190 0.6577355861663818 6349
1625187313863 0.6593087911605835 6399
1625187380008 0.6439534425735474 6449
1625187445707 0.6597559452056885 6499
1625187511632 0.6354292631149292 6549
1625187577399 0.6641680002212524 6599
1625187640089 0.6218411922454834 6649
1625187723193 0.5649287700653076 19
1625187804621 0.636809229850769 6699
1625187870094 0.6358052492141724 6749
1625187936046 0.6639447212219238 6799
1625188001458 0.666003942489624 6849
1625188067875 0.6570865511894226 6899
1625188132441 0.6410279273986816 6949
1625188259034 0.6928250789642334 20
1625188289975 0.639583170413971 6999
1625188359581 0.6393948793411255 7049
1625188426089 0.6363903284072876 7099
1625188492736 0.6767752170562744 7149
1625188558359 0.6871700286865234 7199
1625188624493 0.6764789819717407 7249
1625188688094 0.6410988569259644 7299
1625188787176 0.6070420145988464 21
1625188849345 0.6521115899085999 7349
1625188915069 0.6370701789855957 7399
1625188980998 0.6690182685852051 7449
1625189047233 0.6537830233573914 7499
1625189112703 0.6240136027336121 7549
1625189179624 0.6763115525245667 7599
1625189242338 0.6326714754104614 7649
1625189321977 0.6471430063247681 22
1625189405969 0.6478971242904663 7699
1625189471934 0.6490278244018555 7749
1625189537787 0.6425805687904358 7799
1625189602985 0.6552190780639648 7849
1625189668930 0.628066897392273 7899
1625189733051 0.6375716328620911 7949
1625189853787 0.568284273147583 23
1625189891504 0.6676003932952881 7999
1625189960941 0.6397619843482971 8049
1625190027707 0.6341145634651184 8099
1625190093337 0.6531343460083008 8149
1625190159306 0.6572898626327515 8199
1625190224423 0.6278303861618042 8249
1625190288112 0.6554005146026611 8299
1625190392115 0.5936524868011475 24
1625190453884 0.6610527038574219 8349
1625190519686 0.6350417733192444 8399
1625190586263 0.6539708375930786 8449
1625190652291 0.6571255922317505 8499
1625190717573 0.6521462202072144 8549
1625190783153 0.6386116743087769 8599
1625190845872 0.6375821828842163 8649
1625190926465 0.6750051379203796 25
1625191014000 0.6655341982841492 8699
1625191080437 0.6494757533073425 8749
1625191146643 0.6415802240371704 8799
1625191212959 0.6393819451332092 8849
1625191278843 0.6438993215560913 8899
1625191343236 0.6616380214691162 8949
1625191465065 0.6609768867492676 26
1625191506170 0.6239862442016602 8999
1625191575023 0.6346215009689331 9049
1625191640944 0.6402710676193237 9099
1625191705701 0.6416721343994141 9149
1625191771788 0.6260069608688354 9199
1625191837038 0.6551263928413391 9249
1625191900459 0.6373497843742371 9299
1625192001482 0.6036239862442017 27
1625192064204 0.653843104839325 9349
1625192129524 0.6575387120246887 9399
1625192195616 0.6387923955917358 9449
1625192261840 0.6292383670806885 9499
1625192327439 0.6351208090782166 9549
1625192392917 0.6241253614425659 9599
1625192455620 0.6255764365196228 9649
1625192533570 0.5755276679992676 28
1625192619939 0.6432262659072876 9699
1625192685406 0.634987473487854 9749
1625192750893 0.6665453910827637 9799
1625192816794 0.6364758610725403 9849
1625192882769 0.6295910477638245 9899
1625192947087 0.6377288103103638 9949
1625193069014 0.6341192722320557 29
1625193111903 0.638498067855835 9999
1625193176795 0.6508239507675171 10049
1625193242174 0.633131742477417 10099
1625193308217 0.6242955923080444 10149
1625193373993 0.6394302845001221 10199
1625193439885 0.6384227871894836 10249
1625193503652 0.6409603953361511 10299
1625193604692 0.6166918277740479 30
1625193669449 0.625135064125061 10349
1625193734888 0.6374918222427368 10399
1625193801131 0.6302464008331299 10449
1625193866957 0.624951958656311 10499
1625193932386 0.6546679735183716 10549
1625193997453 0.6552607417106628 10599
1625194060210 0.6442039012908936 10649
1625194137363 0.5087101459503174 31
1625194228251 0.6401897668838501 10699
1625194294416 0.6411893367767334 10749
1625194359783 0.6229261159896851 10799
1625194425129 0.6348781585693359 10849
1625194490731 0.6509038805961609 10899
1625194555040 0.6623964905738831 10949
1625194674949 0.5230533480644226 32
1625194720164 0.6316564083099365 10999
1625194785901 0.623149037361145 11049
1625194852002 0.6206620931625366 11099
1625194917291 0.6306875348091125 11149
1625194982661 0.6400445699691772 11199
1625195047818 0.6226251125335693 11249
1625195111397 0.643922746181488 11299
1625195208349 0.7167518138885498 33
1625195275207 0.6497706174850464 11349
1625195341157 0.6284455060958862 11399
1625195406664 0.6314080357551575 11449
1625195472600 0.6325174570083618 11499
1625195538236 0.6155264973640442 11549
1625195603610 0.6375858783721924 11599
1625195666877 0.6310639381408691 11649
1625195744349 0.5897880792617798 34
1625195829360 0.6330937147140503 11699
1625195895994 0.6559303998947144 11749
1625195961939 0.6332703828811646 11799
1625196027535 0.6104041337966919 11849
1625196093182 0.6238235235214233 11899
1625196157466 0.6506401896476746 11949
1625196275282 0.5819671154022217 35
1625196315438 0.6544584631919861 11999
1625196383046 0.6480456590652466 12049
1625196449233 0.6312292814254761 12099
1625196515205 0.6377518773078918 12149
1625196582438 0.64235520362854 12199
1625196647881 0.6490675210952759 12249
1625196711121 0.6192731857299805 12299
1625196807110 0.6805287599563599 36
1625196873022 0.6306817531585693 12349
1625196938291 0.6614760160446167 12399
1625197004160 0.641956090927124 12449
1625197069693 0.6186619997024536 12499
1625197135266 0.6279317736625671 12549
1625197200343 0.6356135606765747 12599
1625197263067 0.6391727924346924 12649
1625197339666 0.6208946704864502 37
1625197432272 0.6403756141662598 12699
1625197498540 0.6410191655158997 12749
1625197564905 0.6350221037864685 12799
1625197630616 0.6353065967559814 12849
1625197696630 0.616838812828064 12899
1625197760543 0.6200302839279175 12949
1625197878029 0.6801883578300476 38
1625197923725 0.6333721876144409 12999
1625197990157 0.6402918100357056 13049
1625198056299 0.6233080625534058 13099
1625198122199 0.6379027366638184 13149
1625198187685 0.6443316340446472 13199
1625198254304 0.6219930648803711 13249
1625198317483 0.6383030414581299 13299
1625198409419 0.6297825574874878 39
1625198476336 0.6326949596405029 13349
1625198541912 0.6535587310791016 13399
1625198607539 0.6486037969589233 13449
1625198673885 0.645466685295105 13499
1625198739849 0.6390362977981567 13549
1625198805062 0.6209300756454468 13599
1625198867825 0.6365708708763123 13649
1625198942796 0.7695150375366211 40
1625199033861 0.640755295753479 13699
1625199099332 0.6270394921302795 13749
1625199165233 0.6276439428329468 13799
1625199230951 0.627365231513977 13849
1625199296535 0.6297681927680969 13899
1625199360627 0.6682102680206299 13949
1625199476106 0.6209812164306641 41
1625199526966 0.621923565864563 13999
1625199592246 0.6354321241378784 14049
1625199658801 0.627747654914856 14099
1625199725213 0.6205794811248779 14149
1625199791354 0.6266626119613647 14199
1625199856470 0.6522740721702576 14249
1625199919774 0.6528674364089966 14299
1625200014366 0.6627907752990723 42
1625200086923 0.6230315566062927 14349
1625200153217 0.625554084777832 14399
1625200219048 0.6302859783172607 14449
1625200285210 0.6331773400306702 14499
1625200351663 0.6196839213371277 14549
1625200417170 0.6331984996795654 14599
1625200479898 0.6042905449867249 14649
1625200552803 0.6094788908958435 43
1625200647099 0.63315749168396 14699
1625200712793 0.6503530144691467 14749
1625200778410 0.6308460235595703 14799
1625200844210 0.6445637941360474 14849
1625200909354 0.630113422870636 14899
1625200973223 0.6274585723876953 14949
1625201087577 0.5351430773735046 44
1625201136389 0.6456608772277832 14999
1625201205064 0.6134828329086304 15049
1625201270706 0.6330482959747314 15099
1625201337058 0.6274060010910034 15149
1625201402593 0.6483531594276428 15199
1625201468536 0.6329517364501953 15249
1625201531768 0.6370867490768433 15299
1625201620962 0.6673803329467773 45
1625201690133 0.6485463380813599 15349
1625201755816 0.6475812196731567 15399
1625201820925 0.6315782070159912 15449
1625201886815 0.6325081586837769 15499
1625201952364 0.6400235891342163 15549
1625202017008 0.6294558048248291 15599
1625202079739 0.642127513885498 15649
1625202153948 0.539188027381897 46
1625202246632 0.6333507299423218 15699
1625202312614 0.6176769733428955 15749
1625202378397 0.6358728408813477 15799
1625202443974 0.6296576261520386 15849
1625202509235 0.6399237513542175 15899
1625202573092 0.6361714601516724 15949
1625202684357 0.7088799476623535 47
1625202730724 0.6061724424362183 15999
1625202797709 0.647101640701294 16049
1625202863651 0.6223914623260498 16099
1625202928974 0.6478458642959595 16149
1625202993651 0.6428635120391846 16199
1625203059142 0.6341650485992432 16249
1625203122211 0.6336405277252197 16299
1625203216792 0.5635828375816345 48
1625203289235 0.6250701546669006 16349
1625203355044 0.6281017065048218 16399
1625203420515 0.6356414556503296 16449
1625203486085 0.6100906729698181 16499
1625203551163 0.6387577652931213 16549
1625203616042 0.6265825033187866 16599
1625203679771 0.6248399615287781 16649
1625203749147 0.6248399615287781 49
