1625177559049 0.6938134431838989 0
1625178090959 0.6905121803283691 1
1625178625026 0.6923333406448364 2
1625179162111 0.6938876509666443 3
1625179695581 0.6932889223098755 4
1625180230337 0.691600501537323 5
1625180766156 0.6931185126304626 6
1625181298465 0.6900250911712646 7
1625181829048 0.6817100048065186 8
1625182362245 0.6930972933769226 9
1625182903268 0.6681385040283203 10
1625183440748 0.6542309522628784 11
1625183970079 0.6878588199615479 12
1625184505114 0.6399177312850952 13
1625185038638 0.4825749099254608 14
1625185575492 0.6280052661895752 15
1625186113174 0.5372888445854187 16
1625186647831 0.547172486782074 17
1625187186227 0.7183064222335815 18
1625187723193 0.5649287700653076 19
1625188259034 0.6928250789642334 20
1625188787176 0.6070420145988464 21
1625189321977 0.6471430063247681 22
1625189853787 0.568284273147583 23
1625190392115 0.5936524868011475 24
1625190926465 0.6750051379203796 25
1625191465065 0.6609768867492676 26
1625192001482 0.6036239862442017 27
1625192533570 0.5755276679992676 28
1625193069014 0.6341192722320557 29
1625193604692 0.6166918277740479 30
1625194137363 0.5087101459503174 31
1625194674949 0.5230533480644226 32
1625195208349 0.7167518138885498 33
1625195744349 0.5897880792617798 34
1625196275282 0.5819671154022217 35
1625196807110 0.6805287599563599 36
1625197339666 0.6208946704864502 37
1625197878029 0.6801883578300476 38
1625198409419 0.6297825574874878 39
1625198942796 0.7695150375366211 40
1625199476106 0.6209812164306641 41
1625200014366 0.6627907752990723 42
1625200552803 0.6094788908958435 43
1625201087577 0.5351430773735046 44
1625201620962 0.6673803329467773 45
1625202153948 0.539188027381897 46
1625202684357 0.7088799476623535 47
1625203216792 0.5635828375816345 48
1625203749147 0.6248399615287781 49
