1625177490853 0.693192183971405 332
1625177559049 0.693192183971405 0
1625178021316 0.6931630373001099 665
1625178090959 0.6931630373001099 1
1625178556649 0.6931850910186768 998
1625178625026 0.6931850910186768 2
1625179092064 0.6931616067886353 1331
1625179162111 0.6931616067886353 3
1625179627501 0.6931591033935547 1664
1625179695581 0.6931591033935547 4
1625180158824 0.693146824836731 1997
1625180230337 0.693146824836731 5
1625180696617 0.693157970905304 2330
1625180766156 0.693157970905304 6
1625181229462 0.6929190158843994 2663
1625181298465 0.6929190158843994 7
1625181763465 0.6906439065933228 2996
1625181829048 0.6906439065933228 8
1625182293521 0.6874479651451111 3329
1625182362245 0.6874479651451111 9
1625182832214 0.6832910776138306 3662
1625182903268 0.6832910776138306 10
1625183371454 0.6790503859519958 3995
1625183440748 0.6790503859519958 11
1625183902086 0.6727762222290039 4328
1625183970079 0.6727762222290039 12
1625184435887 0.667585551738739 4661
1625184505114 0.667585551738739 13
1625184969731 0.6640791296958923 4994
1625185038638 0.6640791296958923 14
1625185504674 0.6600707769393921 5327
1625185575492 0.6600707769393921 15
1625186042035 0.657139778137207 5660
1625186113174 0.657139778137207 16
1625186582545 0.6545751690864563 5993
1625186647831 0.6545751690864563 17
1625187115731 0.6524187922477722 6326
1625187186227 0.6524187922477722 18
1625187653681 0.6510933041572571 6659
1625187723193 0.6510933041572571 19
1625188187428 0.6490371823310852 6992
1625188259034 0.6490371823310852 20
1625188721238 0.6472992300987244 7325
1625188787176 0.6472992300987244 21
1625189254432 0.6462715268135071 7658
1625189321977 0.6462715268135071 22
1625189786455 0.6449684500694275 7991
1625189853787 0.6449684500694275 23
1625190320457 0.6429908275604248 8324
1625190392115 0.6429908275604248 24
1625190856876 0.642945408821106 8657
1625190926465 0.642945408821106 25
1625191395607 0.6426780223846436 8990
1625191465065 0.6426780223846436 26
1625191931645 0.6413959264755249 9323
1625192001482 0.6413959264755249 27
1625192465088 0.6404288411140442 9656
1625192533570 0.6404288411140442 28
1625192998404 0.6407409906387329 9989
1625193069014 0.6407409906387329 29
1625193533382 0.6395567059516907 10322
1625193604692 0.6395567059516907 30
1625194069138 0.6399982571601868 10655
1625194137363 0.6399982571601868 31
1625194605011 0.6396682858467102 10988
1625194674949 0.6396682858467102 32
1625195139597 0.6389700770378113 11321
1625195208349 0.6389700770378113 33
1625195673963 0.6382467150688171 11654
1625195744349 0.6382467150688171 34
1625196205819 0.6368264555931091 11987
1625196275282 0.6368264555931091 35
1625196738432 0.6379657983779907 12320
1625196807110 0.6379657983779907 36
1625197269056 0.6374122500419617 12653
1625197339666 0.6374122500419617 37
1625197807696 0.6366860270500183 12986
1625197878029 0.6366860270500183 38
1625198343129 0.6366145014762878 13319
1625198409419 0.6366145014762878 39
1625198872539 0.6355726718902588 13652
1625198942796 0.6355726718902588 40
1625199406679 0.6364113688468933 13985
1625199476106 0.6364113688468933 41
1625199944567 0.6367558836936951 14318
1625200014366 0.6367558836936951 42
1625200483369 0.6366631388664246 14651
1625200552803 0.6366631388664246 43
1625201018131 0.6331967115402222 14984
1625201087577 0.6331967115402222 44
1625201554849 0.6357424855232239 15317
1625201620962 0.6357424855232239 45
1625202082184 0.6354883909225464 15650
1625202153948 0.6354883909225464 46
1625202616566 0.6344426870346069 15983
1625202684357 0.6344426870346069 47
1625203144709 0.6352448463439941 16316
1625203216792 0.6352448463439941 48
1625203679974 0.6362582445144653 16649
1625203749147 0.6362582445144653 49
