1625177274096 0 49
1625177340513 0 99
1625177406032 0 149
1625177471266 0 199
1625177536682 0 249
1625177600861 0 299
1625177643109 0 332
1625177717132 0 332
1625177760547 1 349
1625177829233 1 399
1625177894797 1 449
1625177960772 1 499
1625178026463 1 549
1625178091099 1 599
1625178155186 1 649
1625178176315 1 665
1625178275719 1 665
1625178344518 2 699
1625178414059 2 749
1625178480553 2 799
1625178546818 2 849
1625178612371 2 899
1625178679106 2 949
1625178741413 2 998
1625178812784 2 998
1625178835786 3 999
1625178910292 3 1049
1625178976164 3 1099
1625179042000 3 1149
1625179107678 3 1199
1625179172942 3 1249
1625179237472 3 1299
1625179278282 3 1331
1625179344865 3 1331
1625179392734 4 1349
1625179463562 4 1399
1625179529631 4 1449
1625179595415 4 1499
1625179660716 4 1549
1625179726854 4 1599
1625179790094 4 1649
1625179809757 4 1664
1625179910982 4 1664
1625180006092 5 1699
1625180074696 5 1749
1625180141116 5 1799
1625180207516 5 1849
1625180273796 5 1899
1625180339465 5 1949
1625180401397 5 1997
1625180470539 5 1997
1625180496979 6 1999
1625180566049 6 2049
1625180631415 6 2099
1625180697198 6 2149
1625180762771 6 2199
1625180828669 6 2249
1625180892855 6 2299
1625180932966 6 2330
1625181009938 6 2330
1625181061958 7 2349
1625181141149 7 2399
1625181206838 7 2449
1625181272476 7 2499
1625181338744 7 2549
1625181405971 7 2599
1625181468809 7 2649
1625181487342 7 2663
1625181584810 7 2663
1625181687965 8 2699
1625181754418 8 2749
1625181828171 8 2799
1625181895663 8 2849
1625181962358 8 2899
1625182028276 8 2949
1625182088229 8 2996
1625182162098 8 2996
1625182189916 9 2999
1625182259716 9 3049
1625182337088 9 3099
1625182403106 9 3149
1625182469052 9 3199
1625182534986 9 3249
1625182599326 9 3299
1625182638469 9 3329
1625182715336 9 3329
1625182762833 10 3349
1625182834375 10 3399
1625182907480 10 3449
1625182975623 10 3499
1625183042189 10 3549
1625183108528 10 3599
1625183171270 10 3649
1625183188554 10 3662
1625183280335 10 3662
1625183394170 11 3699
1625183462277 11 3749
1625183532434 11 3799
1625183601753 11 3849
1625183669794 11 3899
1625183734508 11 3949
1625183793151 11 3995
1625183862450 11 3995
1625183892529 12 3999
1625183962958 12 4049
1625184028466 12 4099
1625184094195 12 4149
1625184159753 12 4199
1625184225797 12 4249
1625184290041 12 4299
1625184327727 12 4328
1625184409849 12 4328
1625184463891 13 4349
1625184533407 13 4399
1625184604755 13 4449
1625184675588 13 4499
1625184741326 13 4549
1625184807250 13 4599
1625184869951 13 4649
1625184885973 13 4661
1625184961688 13 4661
1625185072704 14 4699
1625185151095 14 4749
1625185224017 14 4799
1625185297652 14 4849
1625185363099 14 4899
1625185427731 14 4949
1625185485055 14 4994
1625185558883 14 4994
1625185591112 15 4999
1625185660514 15 5049
1625185725824 15 5099
1625185791384 15 5149
1625185857123 15 5199
1625185922228 15 5249
1625185986563 15 5299
1625186022811 15 5327
1625186100014 15 5327
1625186160829 16 5349
1625186230174 16 5399
1625186300351 16 5449
1625186366091 16 5499
1625186431816 16 5549
1625186497714 16 5599
1625186560412 16 5649
1625186575118 16 5660
1625186656507 16 5660
1625186762626 17 5699
1625186842566 17 5749
1625186918998 17 5799
1625186999420 17 5849
1625187065877 17 5899
1625187131027 17 5949
1625187187194 17 5993
1625187261451 17 5993
1625187297774 18 5999
1625187366784 18 6049
1625187432254 18 6099
1625187498012 18 6149
1625187563763 18 6199
1625187629111 18 6249
1625187693165 18 6299
1625187728233 18 6326
1625187812877 18 6326
1625187873877 19 6349
1625187948961 19 6399
1625188014745 19 6449
1625188080419 19 6499
1625188146356 19 6549
1625188211956 19 6599
1625188274672 19 6649
1625188288302 19 6659
1625188378206 19 6659
1625188482245 20 6699
1625188561475 20 6749
1625188651301 20 6799
1625188725520 20 6849
1625188792125 20 6899
1625188857311 20 6949
1625188912224 20 6992
1625188985165 20 6992
1625189018752 21 6999
1625189095657 21 7049
1625189161746 21 7099
1625189228292 21 7149
1625189295402 21 7199
1625189361311 21 7249
1625189426139 21 7299
1625189459865 21 7325
1625189545742 21 7325
1625189607845 22 7349
1625189675004 22 7399
1625189740907 22 7449
1625189806441 22 7499
1625189871877 22 7549
1625189937545 22 7599
1625190001600 22 7649
1625190013896 22 7658
1625190116044 22 7658
1625190240946 23 7699
1625190323395 23 7749
1625190404043 23 7799
1625190477017 23 7849
1625190542330 23 7899
1625190607498 23 7949
1625190661177 23 7991
1625190735778 23 7991
1625190772427 24 7999
1625190841283 24 8049
1625190906811 24 8099
1625190973539 24 8149
1625191037987 24 8199
1625191103484 24 8249
1625191170162 24 8299
1625191202800 24 8324
1625191278291 24 8324
1625191335783 25 8349
1625191405844 25 8399
1625191472432 25 8449
1625191537867 25 8499
1625191603821 25 8549
1625191674095 25 8599
1625191736894 25 8649
1625191748177 25 8657
1625191850850 25 8657
1625191974483 26 8699
1625192074656 26 8749
1625192162978 26 8799
1625192230936 26 8849
1625192298026 26 8899
1625192362829 26 8949
1625192415667 26 8990
1625192489591 26 8990
1625192528267 27 8999
1625192601479 27 9049
1625192667811 27 9099
1625192734318 27 9149
1625192800759 27 9199
1625192867458 27 9249
1625192933484 27 9299
1625192964878 27 9323
1625193037090 27 9323
1625193096067 28 9349
1625193161359 28 9399
1625193228552 28 9449
1625193301100 28 9499
1625193368909 28 9549
1625193435865 28 9599
1625193500167 28 9649
1625193510341 28 9656
1625193593697 28 9656
1625193715020 29 9699
1625193791312 29 9749
1625193880758 29 9799
1625193950400 29 9849
1625194016614 29 9899
1625194081547 29 9949
1625194132906 29 9989
1625194208613 29 9989
1625194245127 30 9999
1625194309824 30 10049
1625194383461 30 10099
1625194459129 30 10149
1625194530773 30 10199
1625194598629 30 10249
1625194664254 30 10299
1625194694297 30 10322
1625194784944 30 10322
1625194865803 31 10349
1625194934988 31 10399
1625195003100 31 10449
1625195071174 31 10499
1625195151325 31 10549
1625195217588 31 10599
1625195280409 31 10649
1625195289442 31 10655
1625195375812 31 10655
1625195506228 32 10699
1625195584156 32 10749
1625195657690 32 10799
1625195723875 32 10849
1625195789648 32 10899
1625195854509 32 10949
1625195905322 32 10988
1625196002483 32 10988
1625196054866 33 10999
1625196125077 33 11049
1625196192000 33 11099
1625196258166 33 11149
1625196326786 33 11199
1625196392256 33 11249
1625196456321 33 11299
1625196485277 33 11321
1625196576819 33 11321
1625196654733 34 11349
1625196730257 34 11399
1625196802588 34 11449
1625196869636 34 11499
1625196935338 34 11549
1625197000834 34 11599
1625197063680 34 11649
1625197071376 34 11654
1625197183941 34 11654
1625197295790 35 11699
1625197367730 35 11749
1625197434442 35 11799
1625197500562 35 11849
1625197565670 35 11899
1625197632242 35 11949
1625197681379 35 11987
1625197759993 35 11987
1625197798999 36 11999
1625197870197 36 12049
1625197936638 36 12099
1625198002399 36 12149
1625198069562 36 12199
1625198138353 36 12249
1625198202940 36 12299
1625198230543 36 12320
1625198316568 36 12320
1625198381071 37 12349
1625198450393 37 12399
1625198515912 37 12449
1625198582082 37 12499
1625198648288 37 12549
1625198714244 37 12599
1625198777062 37 12649
1625198783198 37 12653
1625198864944 37 12653
1625198964926 38 12699
1625199038225 38 12749
1625199104571 38 12799
1625199170848 38 12849
1625199237303 38 12899
1625199301777 38 12949
1625199349366 38 12986
1625199423097 38 12986
1625199472123 39 12999
1625199539329 39 13049
1625199605052 39 13099
1625199671182 39 13149
1625199739132 39 13199
1625199805617 39 13249
1625199869298 39 13299
1625199895547 39 13319
1625199967298 39 13319
1625200035782 40 13349
1625200107046 40 13399
1625200173466 40 13449
1625200240275 40 13499
1625200306477 40 13549
1625200372329 40 13599
1625200435165 40 13649
1625200440177 40 13652
1625200517496 40 13652
1625200618169 41 13699
1625200695590 41 13749
1625200761605 41 13799
1625200828261 41 13849
1625200895301 41 13899
1625200959567 41 13949
1625201006431 41 13985
1625201078898 41 13985
1625201122800 42 13999
1625201194239 42 14049
1625201259241 42 14099
1625201325724 42 14149
1625201391888 42 14199
1625201459116 42 14249
1625201522464 42 14299
1625201547746 42 14318
1625201617277 42 14318
1625201693167 43 14349
1625201758388 43 14399
1625201824290 43 14449
1625201890177 43 14499
1625201955746 43 14549
1625202020927 43 14599
1625202083771 43 14649
1625202087399 43 14651
1625202155760 43 14651
1625202247673 44 14699
1625202315101 44 14749
1625202382382 44 14799
1625202447939 44 14849
1625202514503 44 14899
1625202578662 44 14949
1625202623665 44 14984
1625202694218 44 14984
1625202739581 45 14999
1625202813356 45 15049
1625202879081 45 15099
1625202945522 45 15149
1625203010825 45 15199
1625203076334 45 15249
1625203139944 45 15299
1625203163668 45 15317
1625203234999 45 15317
1625203309313 46 15349
1625203382763 46 15399
1625203448955 46 15449
1625203515231 46 15499
1625203581156 46 15549
1625203646464 46 15599
1625203709347 46 15649
1625203711807 46 15650
1625203781772 46 15650
1625203876496 47 15699
1625203942711 47 15749
1625204009832 47 15799
1625204075546 47 15849
1625204141385 47 15899
1625204205769 47 15949
1625204249742 47 15983
1625204320629 47 15983
1625204367114 48 15999
1625204438518 48 16049
1625204506273 48 16099
1625204572590 48 16149
1625204638452 48 16199
1625204704839 48 16249
1625204768092 48 16299
1625204790498 48 16316
1625204862897 48 16316
1625204941697 49 16349
1625205007932 49 16399
1625205074671 49 16449
1625205140693 49 16499
1625205207275 49 16549
1625205272277 49 16599
1625205336226 49 16649
1625205336977 49 16649
1625205406634 49 16649
