1625177175029 0.001 0
1625177717146 0.0009990133642141358 333
1625178275731 0.000996057350657239 666
1625178812797 0.0009911436253643444 999
1625179344877 0.0009842915805643156 1332
1625179910990 0.0009755282581475769 1665
1625180470552 0.0009648882429441258 1998
1625181009950 0.0009524135262330099 2331
1625181584823 0.0009381533400219318 2664
1625182162109 0.0009221639627510075 2997
1625182715343 0.0009045084971874736 3330
1625183280347 0.0008852566213878945 3663
1625183862464 0.0008644843137107056 3996
1625184409861 0.0008422735529643443 4329
1625184961699 0.0008187119948743448 4662
1625185558894 0.0007938926261462366 4995
1625186100027 0.0007679133974894982 5328
1625186656521 0.0007408768370508576 5661
1625187261464 0.0007128896457825362 5994
1625187812890 0.0006840622763423389 6327
1625188378215 0.0006545084971874735 6660
1625188985177 0.0006243449435824271 6993
1625189545777 0.0005936906572928622 7326
1625190116056 0.000562666616782152 7659
1625190735792 0.0005313952597646566 7992
1625191278308 0.0004999999999999998 8325
1625191850864 0.00046860474023534314 8658
1625192489603 0.00043733338321784774 8991
1625193037103 0.00040630934270713756 9324
1625193593727 0.00037565505641757246 9657
1625194208619 0.00034549150281252633 9990
1625194784957 0.00031593772365766105 10323
1625195375826 0.00028711035421746355 10656
1625196002510 0.0002591231629491422 10989
1625196576831 0.00023208660251050145 11322
1625197183947 0.00020610737385376337 11655
1625197760020 0.00018128800512565502 11988
1625198316581 0.00015772644703565555 12321
1625198864957 0.00013551568628929425 12654
1625199423111 0.00011474337861210535 12987
1625199967305 9.549150281252626e-05 13320
1625200517508 7.783603724899252e-05 13653
1625201078910 6.184665997806817e-05 13986
1625201617289 4.7586473766990294e-05 14319
1625202155772 3.5111757055874305e-05 14652
1625202694225 2.4471741852423218e-05 14985
1625203235012 1.5708419435684507e-05 15318
1625203781785 8.856374635655634e-06 15651
1625204320644 3.942649342761115e-06 15984
1625204862911 9.866357858642198e-07 16317
