1625177274096 0.6932680010795593 49
1625177340513 0.6932095885276794 99
1625177406032 0.6931668519973755 149
1625177471266 0.6930246353149414 199
1625177536682 0.6932297348976135 249
1625177600861 0.6925252676010132 299
1625177716996 0.6933788061141968 0
1625177760547 0.6931596994400024 349
1625177829233 0.6931800842285156 399
1625177894797 0.6931840181350708 449
1625177960772 0.6931134462356567 499
1625178026463 0.6931642293930054 549
1625178091099 0.6929014921188354 599
1625178155186 0.693406879901886 649
1625178275632 0.6932860612869263 1
1625178344518 0.6932159662246704 699
1625178414059 0.693230152130127 749
1625178480553 0.6933114528656006 799
1625178546818 0.6932485103607178 849
1625178612371 0.6930540800094604 899
1625178679106 0.6930679082870483 949
1625178812715 0.6939449906349182 2
1625178835786 0.6932147741317749 999
1625178910292 0.6930360794067383 1049
1625178976164 0.6934370994567871 1099
1625179042000 0.6931411623954773 1149
1625179107678 0.693207859992981 1199
1625179172942 0.6931785345077515 1249
1625179237472 0.6930713653564453 1299
1625179344793 0.6941098570823669 3
1625179392734 0.6931325197219849 1349
1625179463562 0.6934479475021362 1399
1625179529631 0.6931678056716919 1449
1625179595415 0.6931427717208862 1499
1625179660716 0.6931714415550232 1549
1625179726854 0.6931228637695312 1599
1625179790094 0.6931719779968262 1649
1625179910564 0.6929994821548462 4
1625180006092 0.6932694911956787 1699
1625180074696 0.6930192708969116 1749
1625180141116 0.6931009292602539 1799
1625180207516 0.6924989819526672 1849
1625180273796 0.6931402683258057 1899
1625180339465 0.6931573152542114 1949
1625180470443 0.693212628364563 5
1625180496979 0.6929787397384644 1999
1625180566049 0.6930441856384277 2049
1625180631415 0.6933586001396179 2099
1625180697198 0.6932719945907593 2149
1625180762771 0.6929106712341309 2199
1625180828669 0.6932660341262817 2249
1625180892855 0.6928808689117432 2299
1625181009853 0.6892368793487549 6
1625181061958 0.6932860612869263 2349
1625181141149 0.6932291984558105 2399
1625181206838 0.6930824518203735 2449
1625181272476 0.6932410001754761 2499
1625181338744 0.6934646964073181 2549
1625181405971 0.6934871077537537 2599
1625181468809 0.69321608543396 2649
1625181584674 0.6904584169387817 7
1625181687965 0.6927191019058228 2699
1625181754418 0.6931757926940918 2749
1625181828171 0.6929768323898315 2799
1625181895663 0.6928355693817139 2849
1625181962358 0.6925145387649536 2899
1625182028276 0.6938287019729614 2949
1625182161991 0.7102358937263489 8
1625182189916 0.6913734078407288 2999
1625182259716 0.6986335515975952 3049
1625182337088 0.6929255723953247 3099
1625182403106 0.6917437314987183 3149
1625182469052 0.6929266452789307 3199
1625182534986 0.6907144784927368 3249
1625182599326 0.6942776441574097 3299
1625182715100 0.6704230904579163 9
1625182762833 0.6963645815849304 3349
1625182834375 0.6916000843048096 3399
1625182907480 0.6918719410896301 3449
1625182975623 0.6924264430999756 3499
1625183042189 0.6941215991973877 3549
1625183108528 0.6910065412521362 3599
1625183171270 0.6902297139167786 3649
1625183280125 0.6789779663085938 10
1625183394170 0.6835460662841797 3699
1625183462277 0.693937361240387 3749
1625183532434 0.6925622820854187 3799
1625183601753 0.6862655878067017 3849
1625183669794 0.691849946975708 3899
1625183734508 0.6889798045158386 3949
1625183862352 0.6681039333343506 11
1625183892529 0.684137225151062 3999
1625183962958 0.6890193223953247 4049
1625184028466 0.6937302947044373 4099
1625184094195 0.6849756240844727 4149
1625184159753 0.6818795800209045 4199
1625184225797 0.6863443851470947 4249
1625184290041 0.6832098960876465 4299
1625184409671 0.7125593423843384 12
1625184463891 0.6861039400100708 4349
1625184533407 0.6748656034469604 4399
1625184604755 0.6807690858840942 4449
1625184675588 0.6774328947067261 4499
1625184741326 0.6818556785583496 4549
1625184807250 0.6715390086174011 4599
1625184869951 0.6850230097770691 4649
1625184961546 0.7163637280464172 13
1625185072704 0.67678302526474 4699
1625185151095 0.6759999990463257 4749
1625185224017 0.695341944694519 4799
1625185297652 0.667590856552124 4849
1625185363099 0.6541951894760132 4899
1625185427731 0.6769964694976807 4949
1625185557537 0.6500470638275146 14
1625185591112 0.6949377059936523 4999
1625185660514 0.674289882183075 5049
1625185725824 0.6626676917076111 5099
1625185791384 0.6681119799613953 5149
1625185857123 0.6636654734611511 5199
1625185922228 0.676720917224884 5249
1625185986563 0.6625038385391235 5299
1625186099841 0.7834489345550537 15
1625186160829 0.6817722320556641 5349
1625186230174 0.6664777398109436 5399
1625186300351 0.6772650480270386 5449
1625186366091 0.681238055229187 5499
1625186431816 0.6477245092391968 5549
1625186497714 0.6725464463233948 5599
1625186560412 0.6772031784057617 5649
1625186656323 0.6350350379943848 16
1625186762626 0.6711461544036865 5699
1625186842566 0.6740902662277222 5749
1625186918998 0.6525143980979919 5799
1625186999420 0.6699651479721069 5849
1625187065877 0.6797046065330505 5899
1625187131027 0.6696789264678955 5949
1625187261357 0.5423341989517212 17
1625187297774 0.6849719285964966 5999
1625187366784 0.6666098833084106 6049
1625187432254 0.6655793190002441 6099
1625187498012 0.6649905443191528 6149
1625187563763 0.6669893860816956 6199
1625187629111 0.665624737739563 6249
1625187693165 0.6796823740005493 6299
1625187812767 0.5757755637168884 18
1625187873877 0.6507045030593872 6349
1625187948961 0.6863834857940674 6399
1625188014745 0.6882725954055786 6449
1625188080419 0.6532112956047058 6499
1625188146356 0.6971166133880615 6549
1625188211956 0.6583596467971802 6599
1625188274672 0.6664742231369019 6649
1625188377729 0.6560566425323486 19
1625188482245 0.6826133728027344 6699
1625188561475 0.6638284921646118 6749
1625188651301 0.6591150164604187 6799
1625188725520 0.6674790978431702 6849
1625188792125 0.6496955156326294 6899
1625188857311 0.6764919757843018 6949
1625188985026 0.5505000948905945 20
1625189018752 0.6684980988502502 6999
1625189095657 0.6618445515632629 7049
1625189161746 0.6535133123397827 7099
1625189228292 0.6656228303909302 7149
1625189295402 0.6603046655654907 7199
1625189361311 0.6636999845504761 7249
1625189426139 0.6534360647201538 7299
1625189545635 0.667924165725708 21
1625189607845 0.6522929072380066 7349
1625189675004 0.6645981669425964 7399
1625189740907 0.6699793338775635 7449
1625189806441 0.687009334564209 7499
1625189871877 0.6491831541061401 7549
1625189937545 0.6607998609542847 7599
1625190001600 0.6526288390159607 7649
1625190115783 0.45490169525146484 22
1625190240946 0.6599651575088501 7699
1625190323395 0.6492661833763123 7749
1625190404043 0.6583718061447144 7799
1625190477017 0.6605463027954102 7849
1625190542330 0.6806383728981018 7899
1625190607498 0.644189178943634 7949
1625190735636 0.612167477607727 23
1625190772427 0.6597210168838501 7999
1625190841283 0.665755033493042 8049
1625190906811 0.6565166115760803 8099
1625190973539 0.6579967737197876 8149
1625191037987 0.6620613932609558 8199
1625191103484 0.6616119146347046 8249
1625191170162 0.6529207825660706 8299
1625191277823 0.6814757585525513 24
1625191335783 0.6662596464157104 8349
1625191405844 0.658954918384552 8399
1625191472432 0.652388870716095 8449
1625191537867 0.6619423031806946 8499
1625191603821 0.6575928330421448 8549
1625191674095 0.644982099533081 8599
1625191736894 0.6429948806762695 8649
1625191850703 0.6095898747444153 25
1625191974483 0.6663447618484497 8699
1625192074656 0.6748076677322388 8749
1625192162978 0.6579935550689697 8799
1625192230936 0.6622624397277832 8849
1625192298026 0.6497801542282104 8899
1625192362829 0.6629446744918823 8949
1625192489512 0.56890869140625 26
1625192528267 0.6551088690757751 8999
1625192601479 0.6563105583190918 9049
1625192667811 0.6363276243209839 9099
1625192734318 0.6577211618423462 9149
1625192800759 0.6599764227867126 9199
1625192867458 0.6547785401344299 9249
1625192933484 0.6497786045074463 9299
1625193036960 0.7068600058555603 27
1625193096067 0.6412152051925659 9349
1625193161359 0.6611826419830322 9399
1625193228552 0.6657660007476807 9449
1625193301100 0.6359789371490479 9499
1625193368909 0.6492351293563843 9549
1625193435865 0.6578430533409119 9599
1625193500167 0.6558092832565308 9649
1625193593559 0.5719971656799316 28
1625193715020 0.6478764414787292 9699
1625193791312 0.6627350449562073 9749
1625193880758 0.6524866819381714 9799
1625193950400 0.6547619104385376 9849
1625194016614 0.6585355997085571 9899
1625194081547 0.6474176645278931 9949
1625194208291 0.528441309928894 29
1625194245127 0.668986439704895 9999
1625194309824 0.6362453699111938 10049
1625194383461 0.6416280269622803 10099
1625194459129 0.6709123849868774 10149
1625194530773 0.6519224643707275 10199
1625194598629 0.6580727100372314 10249
1625194664254 0.636810839176178 10299
1625194784662 0.5284625291824341 30
1625194865803 0.6335221529006958 10349
1625194934988 0.6559687256813049 10399
1625195003100 0.6726104021072388 10449
1625195071174 0.6503273248672485 10499
1625195151325 0.6730929017066956 10549
1625195217588 0.6207678318023682 10599
1625195280409 0.65511155128479 10649
1625195375606 0.6892045140266418 31
1625195506228 0.6459567546844482 10699
1625195584156 0.6432852745056152 10749
1625195657690 0.6502294540405273 10799
1625195723875 0.6207557320594788 10849
1625195789648 0.6574738621711731 10899
1625195854509 0.635640025138855 10949
1625196002329 0.7594724893569946 32
1625196054866 0.6574643850326538 10999
1625196125077 0.661035418510437 11049
1625196192000 0.6417415142059326 11099
1625196258166 0.6659724712371826 11149
1625196326786 0.6702919006347656 11199
1625196392256 0.6429527401924133 11249
1625196456321 0.6517589688301086 11299
1625196576689 0.6835871934890747 33
1625196654733 0.6308111548423767 11349
1625196730257 0.6459144353866577 11399
1625196802588 0.6553088426589966 11449
1625196869636 0.6271295547485352 11499
1625196935338 0.6469345688819885 11549
1625197000834 0.6568042039871216 11599
1625197063680 0.6349263191223145 11649
1625197182872 0.76707923412323 34
1625197295790 0.6521137356758118 11699
1625197367730 0.6702731847763062 11749
1625197434442 0.6429587602615356 11799
1625197500562 0.6646426916122437 11849
1625197565670 0.643856942653656 11899
1625197632242 0.6593590974807739 11949
1625197759899 0.6752616167068481 35
1625197798999 0.6532304883003235 11999
1625197870197 0.6473289728164673 12049
1625197936638 0.6643545627593994 12099
1625198002399 0.6463721394538879 12149
1625198069562 0.6462976932525635 12199
1625198138353 0.6451516151428223 12249
1625198202940 0.6357074975967407 12299
1625198316444 0.7699441909790039 36
1625198381071 0.6338005661964417 12349
1625198450393 0.6313965320587158 12399
1625198515912 0.6344164609909058 12449
1625198582082 0.6509784460067749 12499
1625198648288 0.6682025194168091 12549
1625198714244 0.6504236459732056 12599
1625198777062 0.6260786056518555 12649
1625198864802 0.5029919147491455 37
1625198964926 0.6501443386077881 12699
1625199038225 0.6420427560806274 12749
1625199104571 0.6450355052947998 12799
1625199170848 0.6527665853500366 12849
1625199237303 0.682808518409729 12899
1625199301777 0.6439793109893799 12949
1625199423019 0.772689163684845 38
1625199472123 0.6329091191291809 12999
1625199539329 0.6738401651382446 13049
1625199605052 0.6473612785339355 13099
1625199671182 0.6299313902854919 13149
1625199739132 0.6624616384506226 13199
1625199805617 0.6345912218093872 13249
1625199869298 0.6427613496780396 13299
1625199967019 0.7067660689353943 39
1625200035782 0.6291391849517822 13349
1625200107046 0.6324259638786316 13399
1625200173466 0.6390173435211182 13449
1625200240275 0.6305870413780212 13499
1625200306477 0.6528896689414978 13549
1625200372329 0.636511504650116 13599
1625200435165 0.6335971355438232 13649
1625200517346 0.6223002672195435 40
1625200618169 0.6480942368507385 13699
1625200695590 0.6606399416923523 13749
1625200761605 0.6491045951843262 13799
1625200828261 0.6651438474655151 13849
1625200895301 0.6462067365646362 13899
1625200959567 0.6456334590911865 13949
1625201078832 0.6446702480316162 41
1625201122800 0.6298050284385681 13999
1625201194239 0.6371066570281982 14049
1625201259241 0.6676192283630371 14099
1625201325724 0.6843379735946655 14149
1625201391888 0.6524393558502197 14199
1625201459116 0.6342083811759949 14249
1625201522464 0.6416279077529907 14299
1625201617164 0.5609882473945618 42
1625201693167 0.6521074175834656 14349
1625201758388 0.6495673060417175 14399
1625201824290 0.6282703876495361 14449
1625201890177 0.6441620588302612 14499
1625201955746 0.6274276375770569 14549
1625202020927 0.6601462364196777 14599
1625202083771 0.6433162093162537 14649
1625202155630 0.4848661720752716 43
1625202247673 0.644666314125061 14699
1625202315101 0.6523833274841309 14749
1625202382382 0.6321253776550293 14799
1625202447939 0.6353517174720764 14849
1625202514503 0.6499555110931396 14899
1625202578662 0.6266177892684937 14949
1625202692888 0.6956624984741211 44
1625202739581 0.6464167833328247 14999
1625202813356 0.6235536336898804 15049
1625202879081 0.6545966267585754 15099
1625202945522 0.667208194732666 15149
1625203010825 0.6455415487289429 15199
1625203076334 0.6636929512023926 15249
1625203139944 0.6555924415588379 15299
1625203234929 0.5835517644882202 45
1625203309313 0.6711990237236023 15349
1625203382763 0.6533081531524658 15399
1625203448955 0.6374307870864868 15449
1625203515231 0.6497921943664551 15499
1625203581156 0.6426336169242859 15549
1625203646464 0.6351085901260376 15599
1625203709347 0.6648549437522888 15649
1625203781697 0.5951746106147766 46
1625203876496 0.6502541303634644 15699
1625203942711 0.6438707113265991 15749
1625204009832 0.6604195833206177 15799
1625204075546 0.6405036449432373 15849
1625204141385 0.6334683895111084 15899
1625204205769 0.6670447587966919 15949
1625204320561 0.7854666709899902 47
1625204367114 0.6381615400314331 15999
1625204438518 0.6359195709228516 16049
1625204506273 0.6587214469909668 16099
1625204572590 0.6379011273384094 16149
1625204638452 0.6558483242988586 16199
1625204704839 0.6505447626113892 16249
1625204768092 0.6388735771179199 16299
1625204862830 0.6025248765945435 48
1625204941697 0.6524698734283447 16349
1625205007932 0.6498383283615112 16399
1625205074671 0.6484761238098145 16449
1625205140693 0.6424306631088257 16499
1625205207275 0.652540385723114 16549
1625205272277 0.6318538784980774 16599
1625205336226 0.6890671253204346 16649
1625205406237 0.6890671253204346 49
