1625177716996 0.6933788061141968 0
1625178275632 0.6932860612869263 1
1625178812715 0.6939449906349182 2
1625179344793 0.6941098570823669 3
1625179910564 0.6929994821548462 4
1625180470443 0.693212628364563 5
1625181009853 0.6892368793487549 6
1625181584674 0.6904584169387817 7
1625182161991 0.7102358937263489 8
1625182715100 0.6704230904579163 9
1625183280125 0.6789779663085938 10
1625183862352 0.6681039333343506 11
1625184409671 0.7125593423843384 12
1625184961546 0.7163637280464172 13
1625185557537 0.6500470638275146 14
1625186099841 0.7834489345550537 15
1625186656323 0.6350350379943848 16
1625187261357 0.5423341989517212 17
1625187812767 0.5757755637168884 18
1625188377729 0.6560566425323486 19
1625188985026 0.5505000948905945 20
1625189545635 0.667924165725708 21
1625190115783 0.45490169525146484 22
1625190735636 0.612167477607727 23
1625191277823 0.6814757585525513 24
1625191850703 0.6095898747444153 25
1625192489512 0.56890869140625 26
1625193036960 0.7068600058555603 27
1625193593559 0.5719971656799316 28
1625194208291 0.528441309928894 29
1625194784662 0.5284625291824341 30
1625195375606 0.6892045140266418 31
1625196002329 0.7594724893569946 32
1625196576689 0.6835871934890747 33
1625197182872 0.76707923412323 34
1625197759899 0.6752616167068481 35
1625198316444 0.7699441909790039 36
1625198864802 0.5029919147491455 37
1625199423019 0.772689163684845 38
1625199967019 0.7067660689353943 39
1625200517346 0.6223002672195435 40
1625201078832 0.6446702480316162 41
1625201617164 0.5609882473945618 42
1625202155630 0.4848661720752716 43
1625202692888 0.6956624984741211 44
1625203234929 0.5835517644882202 45
1625203781697 0.5951746106147766 46
1625204320561 0.7854666709899902 47
1625204862830 0.6025248765945435 48
1625205406237 0.6890671253204346 49
