1625177643109 0.6932015419006348 332
1625177716996 0.6932015419006348 0
1625178176315 0.6931682229042053 665
1625178275632 0.6931682229042053 1
1625178741413 0.6931594014167786 998
1625178812715 0.6931594014167786 2
1625179278282 0.6931501626968384 1331
1625179344793 0.6931501626968384 3
1625179809757 0.6931480765342712 1664
1625179910564 0.6931480765342712 4
1625180401397 0.6931472420692444 1997
1625180470443 0.6931472420692444 5
1625180932966 0.6931300759315491 2330
1625181009853 0.6931300759315491 6
1625181487342 0.693142294883728 2663
1625181584674 0.693142294883728 7
1625182088229 0.6928244829177856 2996
1625182161991 0.6928244829177856 8
1625182638469 0.6921285390853882 3329
1625182715100 0.6921285390853882 9
1625183188554 0.6912383437156677 3662
1625183280125 0.6912383437156677 10
1625183793151 0.689730167388916 3995
1625183862352 0.689730167388916 11
1625184327727 0.6862021684646606 4328
1625184409671 0.6862021684646606 12
1625184885973 0.6823130249977112 4661
1625184961546 0.6823130249977112 13
1625185485055 0.677578330039978 4994
1625185557537 0.677578330039978 14
1625186022811 0.6741922497749329 5327
1625186099841 0.6741922497749329 15
1625186575118 0.6712728142738342 5660
1625186656323 0.6712728142738342 16
1625187187194 0.6674637198448181 5993
1625187261357 0.6674637198448181 17
1625187728233 0.6656529307365417 6326
1625187812767 0.6656529307365417 18
1625188288302 0.6636320948600769 6659
1625188377729 0.6636320948600769 19
1625188912224 0.6611014008522034 6992
1625188985026 0.6611014008522034 20
1625189459865 0.6594187617301941 7325
1625189545635 0.6594187617301941 21
1625190013896 0.6582217812538147 7658
1625190115783 0.6582217812538147 22
1625190661177 0.6570703387260437 7991
1625190735636 0.6570703387260437 23
1625191202800 0.6561591625213623 8324
1625191277823 0.6561591625213623 24
1625191748177 0.6530519127845764 8657
1625191850703 0.6530519127845764 25
1625192415667 0.6534385085105896 8990
1625192489512 0.6534385085105896 26
1625192964878 0.6537778377532959 9323
1625193036960 0.6537778377532959 27
1625193510341 0.6525906920433044 9656
1625193593559 0.6525906920433044 28
1625194132906 0.6523585319519043 9989
1625194208291 0.6523585319519043 29
1625194694297 0.6521497368812561 10322
1625194784662 0.6521497368812561 30
1625195289442 0.6512343883514404 10655
1625195375606 0.6512343883514404 31
1625195905322 0.650356113910675 10988
1625196002329 0.650356113910675 32
1625196485277 0.6512669920921326 11321
1625196576689 0.6512669920921326 33
1625197071376 0.6493328809738159 11654
1625197182872 0.6493328809738159 34
1625197681379 0.6485754251480103 11987
1625197759899 0.6485754251480103 35
1625198230543 0.6492762565612793 12320
1625198316444 0.6492762565612793 36
1625198783198 0.6480666995048523 12653
1625198864802 0.6480666995048523 37
1625199349366 0.6487288475036621 12986
1625199423019 0.6487288475036621 38
1625199895547 0.64799964427948 13319
1625199967019 0.64799964427948 39
1625200440177 0.6478658318519592 13652
1625200517346 0.6478658318519592 40
1625201006431 0.6464987993240356 13985
1625201078832 0.6464987993240356 41
1625201547746 0.6485947370529175 14318
1625201617164 0.6485947370529175 42
1625202087399 0.6470733284950256 14651
1625202155630 0.6470733284950256 43
1625202623665 0.645726203918457 14984
1625202692888 0.645726203918457 44
1625203163668 0.647084653377533 15317
1625203234929 0.647084653377533 45
1625203711807 0.6474214792251587 15650
1625203781697 0.6474214792251587 46
1625204249742 0.6478471755981445 15983
1625204320561 0.6478471755981445 47
1625204790498 0.6459342837333679 16316
1625204862830 0.6459342837333679 48
1625205336977 0.6472200155258179 16649
1625205406237 0.6472200155258179 49
