1625177015419 0 49
1625177067588 0 99
1625177119882 0 149
1625177171233 0 199
1625177222368 0 249
1625177271472 0 299
1625177303041 0 332
1625177363719 0 332
1625177412197 1 349
1625177463689 1 399
1625177516255 1 449
1625177567776 1 499
1625177619470 1 549
1625177670788 1 599
1625177717380 1 649
1625177733276 1 665
1625177793334 1 665
1625177864410 2 699
1625177915140 2 749
1625177966350 2 799
1625178017780 2 849
1625178069771 2 899
1625178120004 2 949
1625178166603 2 998
1625178224901 2 998
1625178248806 3 999
1625178310658 3 1049
1625178362638 3 1099
1625178414390 3 1149
1625178466234 3 1199
1625178517980 3 1249
1625178566360 3 1299
1625178597194 3 1331
1625178651076 3 1331
1625178699166 4 1349
1625178752535 4 1399
1625178804041 4 1449
1625178855389 4 1499
1625178906022 4 1549
1625178957431 4 1599
1625179003847 4 1649
1625179018954 4 1664
1625179077428 4 1664
1625179149904 5 1699
1625179201280 5 1749
1625179252718 5 1799
1625179304399 5 1849
1625179355667 5 1899
1625179405141 5 1949
1625179451373 5 1997
1625179509416 5 1997
1625179541304 6 1999
1625179597868 6 2049
1625179649632 6 2099
1625179701082 6 2149
1625179752810 6 2199
1625179803325 6 2249
1625179851688 6 2299
1625179881730 6 2330
1625179939667 6 2330
1625179984862 7 2349
1625180048194 7 2399
1625180100522 7 2449
1625180152790 7 2499
1625180205085 7 2549
1625180256773 7 2599
1625180303138 7 2649
1625180317475 7 2663
1625180375052 7 2663
1625180446426 8 2699
1625180497421 8 2749
1625180550070 8 2799
1625180604203 8 2849
1625180655607 8 2899
1625180705777 8 2949
1625180750596 8 2996
1625180811410 8 2996
1625180842688 9 2999
1625180902310 9 3049
1625180954953 9 3099
1625181007526 9 3149
1625181059501 9 3199
1625181111358 9 3249
1625181159332 9 3299
1625181188483 9 3329
1625181250212 9 3329
1625181304032 10 3349
1625181359616 10 3399
1625181411185 10 3449
1625181462979 10 3499
1625181513955 10 3549
1625181564957 10 3599
1625181611362 10 3649
1625181624747 10 3662
1625181683451 10 3662
1625181755524 11 3699
1625181808023 11 3749
1625181859650 11 3799
1625181911201 11 3849
1625181963354 11 3899
1625182013098 11 3949
1625182056857 11 3995
1625182113704 11 3995
1625182146908 12 3999
1625182203007 12 4049
1625182254920 12 4099
1625182305991 12 4149
1625182357698 12 4199
1625182408743 12 4249
1625182456964 12 4299
1625182484955 12 4328
1625182539974 12 4328
1625182598506 13 4349
1625182649165 13 4399
1625182701241 13 4449
1625182752009 13 4499
1625182803292 13 4549
1625182855098 13 4599
1625182901329 13 4649
1625182913699 13 4661
1625182971498 13 4661
1625183045051 14 4699
1625183097003 14 4749
1625183148169 14 4799
1625183199117 14 4849
1625183250479 14 4899
1625183300248 14 4949
1625183342696 14 4994
1625183400604 14 4994
1625183428569 15 4999
1625183485234 15 5049
1625183536457 15 5099
1625183588017 15 5149
1625183639289 15 5199
1625183690221 15 5249
1625183737943 15 5299
1625183764815 15 5327
1625183819820 15 5327
1625183874606 16 5349
1625183927125 16 5399
1625183978910 16 5449
1625184030811 16 5499
1625184082767 16 5549
1625184134291 16 5599
1625184180525 16 5649
1625184192497 16 5660
1625184252666 16 5660
1625184319266 17 5699
1625184370775 17 5749
1625184421612 17 5799
1625184472507 17 5849
1625184523997 17 5899
1625184573254 17 5949
1625184615076 17 5993
1625184677712 17 5993
1625184709302 18 5999
1625184766791 18 6049
1625184818676 18 6099
1625184870705 18 6149
1625184922431 18 6199
1625184975118 18 6249
1625185023006 18 6299
1625185049146 18 6326
1625185110496 18 6326
1625185169345 19 6349
1625185220691 19 6399
1625185272057 19 6449
1625185323112 19 6499
1625185374927 19 6549
1625185426815 19 6599
1625185473040 19 6649
1625185483412 19 6659
1625185545123 19 6659
1625185615355 20 6699
1625185666812 20 6749
1625185718005 20 6799
1625185768970 20 6849
1625185820571 20 6899
1625185869891 20 6949
1625185910830 20 6992
1625185967366 20 6992
1625186008231 21 6999
1625186059496 21 7049
1625186111738 21 7099
1625186163208 21 7149
1625186215040 21 7199
1625186266371 21 7249
1625186314016 21 7299
1625186339153 21 7325
1625186398504 21 7325
1625186448677 22 7349
1625186499507 22 7399
1625186551922 22 7449
1625186603320 22 7499
1625186654621 22 7549
1625186706050 22 7599
1625186752273 22 7649
1625186761808 22 7658
1625186821721 22 7658
1625186897552 23 7699
1625186949671 23 7749
1625187000962 23 7799
1625187051949 23 7849
1625187103481 23 7899
1625187153143 23 7949
1625187192702 23 7991
1625187248127 23 7991
1625187283979 24 7999
1625187343079 24 8049
1625187394506 24 8099
1625187445702 24 8149
1625187496585 24 8199
1625187547209 24 8249
1625187594919 24 8299
1625187619251 24 8324
1625187680258 24 8324
1625187735466 25 8349
1625187786067 25 8399
1625187837407 25 8449
1625187889911 25 8499
1625187940689 25 8549
1625187991862 25 8599
1625188038124 25 8649
1625188046551 25 8657
1625188106148 25 8657
1625188183191 26 8699
1625188234350 26 8749
1625188286453 26 8799
1625188337061 26 8849
1625188388258 26 8899
1625188437201 26 8949
1625188475806 26 8990
1625188530868 26 8990
1625188570090 27 8999
1625188626721 27 9049
1625188678530 27 9099
1625188729154 27 9149
1625188780462 27 9199
1625188830812 27 9249
1625188878617 27 9299
1625188902000 27 9323
1625188962778 27 9323
1625189024880 28 9349
1625189075253 28 9399
1625189126176 28 9449
1625189177562 28 9499
1625189228649 28 9549
1625189279370 28 9599
1625189325646 28 9649
1625189333232 28 9656
1625189392612 28 9656
1625189470639 29 9699
1625189522651 29 9749
1625189574285 29 9799
1625189626958 29 9849
1625189679661 29 9899
1625189729794 29 9949
1625189768571 29 9989
1625189832257 29 9989
1625189869576 30 9999
1625189937585 30 10049
1625189991085 30 10099
1625190043830 30 10149
1625190096888 30 10199
1625190149193 30 10249
1625190197443 30 10299
1625190220499 30 10322
1625190278574 30 10322
1625190335135 31 10349
1625190415473 31 10399
1625190469075 31 10449
1625190522023 31 10499
1625190574546 31 10549
1625190627041 31 10599
1625190673468 31 10649
1625190680799 31 10655
1625190741954 31 10655
1625190828544 32 10699
1625190902125 32 10749
1625190955614 32 10799
1625191008287 32 10849
1625191062581 32 10899
1625191111876 32 10949
1625191150435 32 10988
1625191217598 32 10988
1625191253119 33 10999
1625191321440 33 11049
1625191374910 33 11099
1625191427913 33 11149
1625191481044 33 11199
1625191533153 33 11249
1625191581331 33 11299
1625191603980 33 11321
1625191666843 33 11321
1625191723726 34 11349
1625191801662 34 11399
1625191854541 34 11449
1625191908144 34 11499
1625191961102 34 11549
1625192013569 34 11599
1625192060006 34 11649
1625192066085 34 11654
1625192126327 34 11654
1625192221255 35 11699
1625192274841 35 11749
1625192327401 35 11799
1625192380063 35 11849
1625192434517 35 11899
1625192484055 35 11949
1625192521163 35 11987
1625192585223 35 11987
1625192631212 36 11999
1625192683601 36 12049
1625192736677 36 12099
1625192788713 36 12149
1625192842080 36 12199
1625192895359 36 12249
1625192942954 36 12299
1625192964575 36 12320
1625193029639 36 12320
1625193099581 37 12349
1625193158590 37 12399
1625193213041 37 12449
1625193266630 37 12499
1625193319492 37 12549
1625193371775 37 12599
1625193418201 37 12649
1625193423753 37 12653
1625193489256 37 12653
1625193580480 38 12699
1625193633989 38 12749
1625193687401 38 12799
1625193740390 38 12849
1625193793848 38 12899
1625193843879 38 12949
1625193879946 38 12986
1625193944717 38 12986
1625193990184 39 12999
1625194061169 39 13049
1625194114556 39 13099
1625194167365 39 13149
1625194220383 39 13199
1625194272071 39 13249
1625194320410 39 13299
1625194340391 39 13319
1625194402828 39 13319
1625194465908 40 13349
1625194517825 40 13399
1625194570017 40 13449
1625194623036 40 13499
1625194675030 40 13549
1625194726433 40 13599
1625194772852 40 13649
1625194777428 40 13652
1625194837124 40 13652
