1625176930256 0.001 0
1625177363725 0.0009990133642141358 333
1625177793340 0.000996057350657239 666
1625178224907 0.0009911436253643444 999
1625178651082 0.0009842915805643156 1332
1625179077436 0.0009755282581475769 1665
1625179509422 0.0009648882429441258 1998
1625179939674 0.0009524135262330099 2331
1625180375058 0.0009381533400219318 2664
1625180811416 0.0009221639627510075 2997
1625181250218 0.0009045084971874736 3330
1625181683457 0.0008852566213878945 3663
1625182113710 0.0008644843137107056 3996
1625182539979 0.0008422735529643443 4329
1625182971504 0.0008187119948743448 4662
1625183400610 0.0007938926261462366 4995
1625183819825 0.0007679133974894982 5328
1625184252671 0.0007408768370508576 5661
1625184677718 0.0007128896457825362 5994
1625185110501 0.0006840622763423389 6327
1625185545129 0.0006545084971874735 6660
1625185967372 0.0006243449435824271 6993
1625186398510 0.0005936906572928622 7326
1625186821727 0.000562666616782152 7659
1625187248133 0.0005313952597646566 7992
1625187680285 0.0004999999999999998 8325
1625188106154 0.00046860474023534314 8658
1625188530891 0.00043733338321784774 8991
1625188962800 0.00040630934270713756 9324
1625189392634 0.00037565505641757246 9657
1625189832263 0.00034549150281252633 9990
1625190278581 0.00031593772365766105 10323
1625190741972 0.00028711035421746355 10656
1625191217618 0.0002591231629491422 10989
1625191666864 0.00023208660251050145 11322
1625192126357 0.00020610737385376337 11655
1625192585229 0.00018128800512565502 11988
1625193029681 0.00015772644703565555 12321
1625193489263 0.00013551568628929425 12654
1625193944751 0.00011474337861210535 12987
1625194402835 9.549150281252626e-05 13320
