1625177303041 0.6919302344322205 332
1625177363646 0.6919302344322205 0
1625177733276 0.6785291433334351 665
1625177793270 0.6785291433334351 1
1625178166603 0.6657406091690063 998
1625178224759 0.6657406091690063 2
1625178597194 0.6480525732040405 1331
1625178650962 0.6480525732040405 3
1625179018954 0.6259212493896484 1664
1625179077217 0.6259212493896484 4
1625179451373 0.6079971790313721 1997
1625179509331 0.6079971790313721 5
1625179881730 0.5944077372550964 2330
1625179939516 0.5944077372550964 6
1625180317475 0.5881385803222656 2663
1625180374964 0.5881385803222656 7
1625180750596 0.5827337503433228 2996
1625180811343 0.5827337503433228 8
1625181188483 0.5804652571678162 3329
1625181249961 0.5804652571678162 9
1625181624747 0.5750163793563843 3662
1625181683357 0.5750163793563843 10
1625182056857 0.5727185606956482 3995
1625182113655 0.5727185606956482 11
1625182484955 0.5702251195907593 4328
1625182539857 0.5702251195907593 12
1625182913699 0.5702768564224243 4661
1625182971402 0.5702768564224243 13
1625183342696 0.5678651928901672 4994
1625183400375 0.5678651928901672 14
1625183764815 0.5654595494270325 5327
1625183819756 0.5654595494270325 15
1625184192497 0.5650563836097717 5660
1625184252557 0.5650563836097717 16
1625184615076 0.5641292333602905 5993
1625184677666 0.5641292333602905 17
1625185049146 0.5633136630058289 6326
1625185110382 0.5633136630058289 18
1625185483412 0.5629398226737976 6659
1625185543509 0.5629398226737976 19
1625185910830 0.5606403946876526 6992
1625185967289 0.5606403946876526 20
1625186339153 0.5596014261245728 7325
1625186398449 0.5596014261245728 21
1625186761808 0.5584011077880859 7658
1625186821634 0.5584011077880859 22
1625187192702 0.5575290322303772 7991
1625187248061 0.5575290322303772 23
1625187619251 0.5589413642883301 8324
1625187680000 0.5589413642883301 24
1625188046551 0.5570023655891418 8657
1625188106101 0.5570023655891418 25
1625188475806 0.5555648803710938 8990
1625188530634 0.5555648803710938 26
1625188902000 0.5560091733932495 9323
1625188962698 0.5560091733932495 27
1625189333232 0.5560691952705383 9656
1625189392537 0.5560691952705383 28
1625189768571 0.5541553497314453 9989
1625189831936 0.5541553497314453 29
1625190220499 0.5524569153785706 10322
1625190278481 0.5524569153785706 30
1625190680799 0.5516932010650635 10655
1625190741877 0.5516932010650635 31
1625191150435 0.5528017282485962 10988
1625191217539 0.5528017282485962 32
1625191603980 0.5504875183105469 11321
1625191666717 0.5504875183105469 33
1625192066085 0.550839364528656 11654
1625192126028 0.550839364528656 34
1625192521163 0.5502545833587646 11987
1625192585167 0.5502545833587646 35
1625192964575 0.5518717169761658 12320
1625193029495 0.5518717169761658 36
1625193423753 0.5493248701095581 12653
1625193489176 0.5493248701095581 37
1625193879946 0.5509524345397949 12986
1625193944651 0.5509524345397949 38
1625194340391 0.5492051243782043 13319
1625194402557 0.5492051243782043 39
1625194777428 0.5502411723136902 13652
1625194836971 0.5502411723136902 40
