1625177015419 0.6934130191802979 49
1625177067588 0.6927511692047119 99
1625177119882 0.6931402683258057 149
1625177171233 0.6940763592720032 199
1625177222368 0.6925322413444519 249
1625177271472 0.6883209943771362 299
1625177363646 0.6590030789375305 0
1625177412197 0.6814659833908081 349
1625177463689 0.6866592168807983 399
1625177516255 0.683879017829895 449
1625177567776 0.680168867111206 499
1625177619470 0.6763990521430969 549
1625177670788 0.6740740537643433 599
1625177717380 0.665732741355896 649
1625177793270 0.6338623762130737 1
1625177864410 0.6691832542419434 699
1625177915140 0.679408073425293 749
1625177966350 0.6583662033081055 799
1625178017780 0.6716353297233582 849
1625178069771 0.6612982749938965 899
1625178120004 0.6675630807876587 949
1625178224759 0.6476019620895386 2
1625178248806 0.6665576100349426 999
1625178310658 0.6646983027458191 1049
1625178362638 0.631503701210022 1099
1625178414390 0.6477898359298706 1149
1625178466234 0.6408132314682007 1199
1625178517980 0.6238443851470947 1249
1625178566360 0.6268210411071777 1299
1625178650962 0.6878339648246765 3
1625178699166 0.6396048069000244 1349
1625178752535 0.6206821203231812 1399
1625178804041 0.6215833425521851 1449
1625178855389 0.6402922868728638 1499
1625178906022 0.6328115463256836 1549
1625178957431 0.5876967906951904 1599
1625179003847 0.6143942475318909 1649
1625179077217 0.8228804469108582 4
1625179149904 0.6133440732955933 1699
1625179201280 0.6366097927093506 1749
1625179252718 0.6078838109970093 1799
1625179304399 0.6021299362182617 1849
1625179355667 0.571483850479126 1899
1625179405141 0.6161493062973022 1949
1625179509331 0.5194730758666992 5
1625179541304 0.6083768010139465 1999
1625179597868 0.5802213549613953 2049
1625179649632 0.565741777420044 2099
1625179701082 0.5731614828109741 2149
1625179752810 0.5765045285224915 2199
1625179803325 0.5998373627662659 2249
1625179851688 0.592192530632019 2299
1625179939516 0.5840421915054321 6
1625179984862 0.6039562225341797 2349
1625180048194 0.5929965376853943 2399
1625180100522 0.5774696469306946 2449
1625180152790 0.5711625218391418 2499
1625180205085 0.6122684478759766 2549
1625180256773 0.5663437247276306 2599
1625180303138 0.5425467491149902 2649
1625180374964 0.6981551647186279 7
1625180446426 0.5768614411354065 2699
1625180497421 0.6088694930076599 2749
1625180550070 0.6271610260009766 2799
1625180604203 0.5751447677612305 2849
1625180655607 0.5725473165512085 2899
1625180705777 0.585045337677002 2949
1625180811343 0.7528460025787354 8
1625180842688 0.5836120843887329 2999
1625180902310 0.5819544792175293 3049
1625180954953 0.5660957098007202 3099
1625181007526 0.5626682639122009 3149
1625181059501 0.5823244452476501 3199
1625181111358 0.5924614071846008 3249
1625181159332 0.5727282762527466 3299
1625181249961 0.5109192132949829 9
1625181304032 0.573900580406189 3349
1625181359616 0.6149010062217712 3399
1625181411185 0.5835615992546082 3449
1625181462979 0.5567885041236877 3499
1625181513955 0.5749692916870117 3549
1625181564957 0.5887624025344849 3599
1625181611362 0.5923988819122314 3649
1625181683357 0.5803946256637573 10
1625181755524 0.5678033232688904 3699
1625181808023 0.59010910987854 3749
1625181859650 0.5554385185241699 3799
1625181911201 0.5536810159683228 3849
1625181963354 0.6005131602287292 3899
1625182013098 0.5716268420219421 3949
1625182113655 0.7907781600952148 11
1625182146908 0.5478545427322388 3999
1625182203007 0.564392626285553 4049
1625182254920 0.5546934604644775 4099
1625182305991 0.584248423576355 4149
1625182357698 0.5801753997802734 4199
1625182408743 0.5696435570716858 4249
1625182456964 0.5733044147491455 4299
1625182539857 0.6104565858840942 12
1625182598506 0.570128321647644 4349
1625182649165 0.5831096172332764 4399
1625182701241 0.5956010818481445 4449
1625182752009 0.5781291723251343 4499
1625182803292 0.5942782163619995 4549
1625182855098 0.5662830471992493 4599
1625182901329 0.5709609985351562 4649
1625182971402 0.5140195488929749 13
1625183045051 0.5747671127319336 4699
1625183097003 0.5735176801681519 4749
1625183148169 0.5629024505615234 4799
1625183199117 0.561127245426178 4849
1625183250479 0.5587668418884277 4899
1625183300248 0.5555214881896973 4949
1625183400375 0.43234193325042725 14
1625183428569 0.5668331384658813 4999
1625183485234 0.57335364818573 5049
1625183536457 0.5670931339263916 5099
1625183588017 0.5220341682434082 5149
1625183639289 0.5753463506698608 5199
1625183690221 0.5443502068519592 5249
1625183737943 0.5621485710144043 5299
1625183819756 0.5728536248207092 15
1625183874606 0.5815519094467163 5349
1625183927125 0.5659286975860596 5399
1625183978910 0.5508603453636169 5449
1625184030811 0.5812797546386719 5499
1625184082767 0.5810699462890625 5549
1625184134291 0.600208044052124 5599
1625184180525 0.5371536016464233 5649
1625184252557 0.5927397012710571 16
1625184319266 0.537929892539978 5699
1625184370775 0.5680699348449707 5749
1625184421612 0.5496487021446228 5799
1625184472507 0.5611379742622375 5849
1625184523997 0.5582323670387268 5899
1625184573254 0.5651593208312988 5949
1625184677666 0.5470412969589233 17
1625184709302 0.6213403940200806 5999
1625184766791 0.5703165531158447 6049
1625184818676 0.5711556673049927 6099
1625184870705 0.5645592212677002 6149
1625184922431 0.5433881878852844 6199
1625184975118 0.5913982391357422 6249
1625185023006 0.5536988973617554 6299
1625185110382 0.6404521465301514 18
1625185169345 0.5670856237411499 6349
1625185220691 0.5746739506721497 6399
1625185272057 0.6028209924697876 6449
1625185323112 0.5389445424079895 6499
1625185374927 0.5640578269958496 6549
1625185426815 0.5953458547592163 6599
1625185473040 0.5457661151885986 6649
1625185543509 0.6691390872001648 19
1625185615355 0.574148416519165 6699
1625185666812 0.6068917512893677 6749
1625185718005 0.5278584957122803 6799
1625185768970 0.5345752239227295 6849
1625185820571 0.5520629286766052 6899
1625185869891 0.5693012475967407 6949
1625185967289 0.5008803009986877 20
1625186008231 0.600208044052124 6999
1625186059496 0.5902489423751831 7049
1625186111738 0.5764739513397217 7099
1625186163208 0.5287302136421204 7149
1625186215040 0.5995180010795593 7199
1625186266371 0.546360194683075 7249
1625186314016 0.5782644152641296 7299
1625186398449 0.6849151253700256 21
1625186448677 0.5414811968803406 7349
1625186499507 0.5706403255462646 7399
1625186551922 0.563931405544281 7449
1625186603320 0.5477460622787476 7499
1625186654621 0.5560086965560913 7549
1625186706050 0.5608583688735962 7599
1625186752273 0.5593515634536743 7649
1625186821634 0.61939537525177 22
1625186897552 0.5636645555496216 7699
1625186949671 0.5512959957122803 7749
1625187000962 0.550894021987915 7799
1625187051949 0.5511993765830994 7849
1625187103481 0.5887891054153442 7899
1625187153143 0.5760548710823059 7949
1625187248061 0.608576774597168 23
1625187283979 0.5982784628868103 7999
1625187343079 0.5824787616729736 8049
1625187394506 0.5599258542060852 8099
1625187445702 0.5877709984779358 8149
1625187496585 0.5320780873298645 8199
1625187547209 0.5920838713645935 8249
1625187594919 0.5302865505218506 8299
1625187680000 0.6777758598327637 24
1625187735466 0.5411248803138733 8349
1625187786067 0.5489883422851562 8399
1625187837407 0.562116801738739 8449
1625187889911 0.5629091262817383 8499
1625187940689 0.5584810972213745 8549
1625187991862 0.5640546083450317 8599
1625188038124 0.566476583480835 8649
1625188106101 0.5830287337303162 25
1625188183191 0.5467265844345093 8699
1625188234350 0.5448134541511536 8749
1625188286453 0.5183284282684326 8799
1625188337061 0.5270256996154785 8849
1625188388258 0.5640011429786682 8899
1625188437201 0.5688091516494751 8949
1625188530634 0.47455137968063354 26
1625188570090 0.5724979639053345 8999
1625188626721 0.5478105545043945 9049
1625188678530 0.5607521533966064 9099
1625188729154 0.5676398277282715 9149
1625188780462 0.5889841318130493 9199
1625188830812 0.5379904508590698 9249
1625188878617 0.5590580105781555 9299
1625188962698 0.35280323028564453 27
1625189024880 0.5206475257873535 9349
1625189075253 0.564324140548706 9399
1625189126176 0.5799380540847778 9449
1625189177562 0.5474309325218201 9499
1625189228649 0.5477830171585083 9549
1625189279370 0.5443315505981445 9599
1625189325646 0.5423187613487244 9649
1625189392537 0.5599473714828491 28
1625189470639 0.5357599258422852 9699
1625189522651 0.5298060178756714 9749
1625189574285 0.5433663129806519 9799
1625189626958 0.5377362966537476 9849
1625189679661 0.5374218821525574 9899
1625189729794 0.5604907870292664 9949
1625189831936 0.5444729924201965 29
1625189869576 0.5668063163757324 9999
1625189937585 0.5323622226715088 10049
1625189991085 0.5672295689582825 10099
1625190043830 0.548640251159668 10149
1625190096888 0.565441906452179 10199
1625190149193 0.5525417327880859 10249
1625190197443 0.5785002708435059 10299
1625190278481 0.5689263343811035 30
1625190335135 0.5275795459747314 10349
1625190415473 0.5284030437469482 10399
1625190469075 0.5672044157981873 10449
1625190522023 0.5488895177841187 10499
1625190574546 0.5443199872970581 10549
1625190627041 0.5387386083602905 10599
1625190673468 0.5478478670120239 10649
1625190741877 0.6891963481903076 31
1625190828544 0.5607521533966064 10699
1625190902125 0.5920486450195312 10749
1625190955614 0.5435638427734375 10799
1625191008287 0.5876091718673706 10849
1625191062581 0.5700429677963257 10899
1625191111876 0.5296145677566528 10949
1625191217539 0.3490189015865326 32
1625191253119 0.5656545162200928 10999
1625191321440 0.5382466316223145 11049
1625191374910 0.5663785338401794 11099
1625191427913 0.588397741317749 11149
1625191481044 0.5629301071166992 11199
1625191533153 0.5125567317008972 11249
1625191581331 0.5610128045082092 11299
1625191666717 0.5980719923973083 33
1625191723726 0.5490210056304932 11349
1625191801662 0.5744271278381348 11399
1625191854541 0.5543548464775085 11449
1625191908144 0.5398520231246948 11499
1625191961102 0.5585296154022217 11549
1625192013569 0.5492746233940125 11599
1625192060006 0.5375995635986328 11649
1625192126028 0.6206278800964355 34
1625192221255 0.5312533378601074 11699
1625192274841 0.529620349407196 11749
1625192327401 0.5505516529083252 11799
1625192380063 0.5487072467803955 11849
1625192434517 0.5725271105766296 11899
1625192484055 0.5500224828720093 11949
1625192585167 0.3887169659137726 35
1625192631212 0.5427918434143066 11999
1625192683601 0.5418980121612549 12049
1625192736677 0.5629463195800781 12099
1625192788713 0.5254253149032593 12149
1625192842080 0.5672606825828552 12199
1625192895359 0.5735352635383606 12249
1625192942954 0.5200090408325195 12299
1625193029495 0.5710779428482056 36
1625193099581 0.5845422744750977 12349
1625193158590 0.5555106401443481 12399
1625193213041 0.5552338361740112 12449
1625193266630 0.5624090433120728 12499
1625193319492 0.5715773701667786 12549
1625193371775 0.5414811372756958 12599
1625193418201 0.5603564977645874 12649
1625193489176 0.5324945449829102 37
1625193580480 0.5569545030593872 12699
1625193633989 0.5526506900787354 12749
1625193687401 0.5549941062927246 12799
1625193740390 0.5445998907089233 12849
1625193793848 0.5347846746444702 12899
1625193843879 0.5665607452392578 12949
1625193944651 0.37868258357048035 38
1625193990184 0.55948805809021 12999
1625194061169 0.5368947982788086 13049
1625194114556 0.5480318665504456 13099
1625194167365 0.5495533347129822 13149
1625194220383 0.5437970757484436 13199
1625194272071 0.5391443967819214 13249
1625194320410 0.540499210357666 13299
1625194402557 0.6056723594665527 39
1625194465908 0.5435400009155273 13349
1625194517825 0.5196204781532288 13399
1625194570017 0.5631380081176758 13449
1625194623036 0.5584746599197388 13499
1625194675030 0.5663136839866638 13549
1625194726433 0.5291493535041809 13599
1625194772852 0.549462080001831 13649
1625194836971 0.5880794525146484 40
