1625177363646 0.6590030789375305 0
1625177793270 0.6338623762130737 1
1625178224759 0.6476019620895386 2
1625178650962 0.6878339648246765 3
1625179077217 0.8228804469108582 4
1625179509331 0.5194730758666992 5
1625179939516 0.5840421915054321 6
1625180374964 0.6981551647186279 7
1625180811343 0.7528460025787354 8
1625181249961 0.5109192132949829 9
1625181683357 0.5803946256637573 10
1625182113655 0.7907781600952148 11
1625182539857 0.6104565858840942 12
1625182971402 0.5140195488929749 13
1625183400375 0.43234193325042725 14
1625183819756 0.5728536248207092 15
1625184252557 0.5927397012710571 16
1625184677666 0.5470412969589233 17
1625185110382 0.6404521465301514 18
1625185543509 0.6691390872001648 19
1625185967289 0.5008803009986877 20
1625186398449 0.6849151253700256 21
1625186821634 0.61939537525177 22
1625187248061 0.608576774597168 23
1625187680000 0.6777758598327637 24
1625188106101 0.5830287337303162 25
1625188530634 0.47455137968063354 26
1625188962698 0.35280323028564453 27
1625189392537 0.5599473714828491 28
1625189831936 0.5444729924201965 29
1625190278481 0.5689263343811035 30
1625190741877 0.6891963481903076 31
1625191217539 0.3490189015865326 32
1625191666717 0.5980719923973083 33
1625192126028 0.6206278800964355 34
1625192585167 0.3887169659137726 35
1625193029495 0.5710779428482056 36
1625193489176 0.5324945449829102 37
1625193944651 0.37868258357048035 38
1625194402557 0.6056723594665527 39
1625194836971 0.5880794525146484 40
