1623428802536 0 49
1623428838586 0 99
1623428874136 0 149
1623428909603 0 199
1623428945394 0 249
1623428981067 0 299
1623429016548 0 349
1623429051914 0 399
1623429087127 0 449
1623429123000 0 499
1623429159265 0 549
1623429195721 0 599
1623429231813 0 649
1623429267803 0 699
1623429303424 0 749
1623429339393 0 799
1623429374953 0 849
1623429411027 0 899
1623429447239 0 949
1623429483810 0 999
1623429520405 0 1049
1623429556963 0 1099
1623429593081 0 1149
1623429629098 0 1199
1623429665472 0 1249
1623429701373 0 1299
1623429720549 0 1328
1623429830082 0 1328
1623429855801 1 1349
1623429891797 1 1399
1623429928008 1 1449
1623429963990 1 1499
1623430000057 1 1549
1623430035968 1 1599
1623430072296 1 1649
1623430107634 1 1699
1623430143077 1 1749
1623430178398 1 1799
1623430214183 1 1849
1623430249706 1 1899
1623430285637 1 1949
1623430322356 1 1999
1623430358684 1 2049
1623430395088 1 2099
1623430431233 1 2149
1623430467700 1 2199
1623430503679 1 2249
1623430539966 1 2299
1623430576203 1 2349
1623430612869 1 2399
1623430649308 1 2449
1623430685564 1 2499
1623430721724 1 2549
1623430757832 1 2599
1623430792113 1 2649
1623430798062 1 2657
1623430906850 1 2657
1623430947772 2 2699
1623430983393 2 2749
1623431018732 2 2799
1623431054767 2 2849
1623431090554 2 2899
1623431126741 2 2949
1623431162608 2 2999
1623431198431 2 3049
1623431234080 2 3099
1623431269789 2 3149
1623431305344 2 3199
1623431341165 2 3249
1623431377389 2 3299
1623431413944 2 3349
1623431450183 2 3399
1623431486705 2 3449
1623431523031 2 3499
1623431559448 2 3549
1623431596043 2 3599
1623431632480 2 3649
1623431668957 2 3699
1623431705285 2 3749
1623431741691 2 3799
1623431778037 2 3849
1623431814556 2 3899
1623431850850 2 3949
1623431875948 2 3986
1623431984842 2 3986
1623432004063 3 3999
1623432039632 3 4049
1623432075585 3 4099
1623432111665 3 4149
1623432148071 3 4199
1623432184453 3 4249
1623432220149 3 4299
1623432256134 3 4349
1623432291895 3 4399
1623432327022 3 4449
1623432362740 3 4499
1623432398354 3 4549
1623432434263 3 4599
1623432470873 3 4649
1623432506711 3 4699
1623432543036 3 4749
1623432579247 3 4799
1623432614856 3 4849
1623432650967 3 4899
1623432687280 3 4949
1623432723784 3 4999
1623432760355 3 5049
1623432796409 3 5099
1623432832838 3 5149
1623432869162 3 5199
1623432905258 3 5249
1623432939792 3 5299
1623432950948 3 5315
1623433059681 3 5315
1623433094075 4 5349
1623433130149 4 5399
1623433165929 4 5449
1623433202052 4 5499
1623433238159 4 5549
1623433274148 4 5599
1623433310460 4 5649
1623433346559 4 5699
1623433382173 4 5749
1623433417548 4 5799
1623433452706 4 5849
1623433488398 4 5899
1623433524787 4 5949
1623433561207 4 5999
1623433597579 4 6049
1623433633947 4 6099
1623433670274 4 6149
1623433706829 4 6199
1623433742491 4 6249
1623433778228 4 6299
1623433814107 4 6349
1623433850437 4 6399
1623433887287 4 6449
1623433923692 4 6499
1623433960175 4 6549
1623433996804 4 6599
1623434027410 4 6644
1623434134077 4 6644
1623434148422 5 6649
1623434183880 5 6699
1623434219681 5 6749
1623434255514 5 6799
1623434291504 5 6849
1623434327783 5 6899
1623434364087 5 6949
1623434400099 5 6999
1623434436081 5 7049
1623434471930 5 7099
1623434507779 5 7149
1623434543960 5 7199
1623434580179 5 7249
1623434616804 5 7299
1623434653246 5 7349
1623434689984 5 7399
1623434726318 5 7449
1623434762566 5 7499
1623434798818 5 7549
1623434834689 5 7599
1623434871050 5 7649
1623434907419 5 7699
1623434944043 5 7749
1623434980444 5 7799
1623435016755 5 7849
1623435053206 5 7899
1623435088607 5 7949
1623435104993 5 7973
1623435212154 5 7973
1623435242038 6 7999
1623435277464 6 8049
1623435312861 6 8099
1623435348698 6 8149
1623435384587 6 8199
1623435420957 6 8249
1623435456866 6 8299
1623435493057 6 8349
1623435528240 6 8399
1623435564328 6 8449
1623435599971 6 8499
1623435635786 6 8549
1623435671968 6 8599
1623435708472 6 8649
1623435744475 6 8699
1623435780871 6 8749
1623435817279 6 8799
1623435853724 6 8849
1623435890346 6 8899
1623435926834 6 8949
1623435963514 6 8999
1623436000313 6 9049
1623436036810 6 9099
1623436073533 6 9149
1623436109506 6 9199
1623436146085 6 9249
1623436179653 6 9299
1623436182679 6 9302
1623436291388 6 9302
1623436335640 7 9349
1623436371159 7 9399
1623436406815 7 9449
1623436442694 7 9499
1623436478827 7 9549
1623436515107 7 9599
1623436551193 7 9649
1623436587106 7 9699
1623436623021 7 9749
1623436659292 7 9799
1623436695048 7 9849
1623436731113 7 9899
1623436767728 7 9949
1623436804372 7 9999
1623436840381 7 10049
1623436877120 7 10099
1623436913891 7 10149
1623436950482 7 10199
1623436986983 7 10249
1623437023597 7 10299
1623437060125 7 10349
1623437096392 7 10399
1623437132836 7 10449
1623437169277 7 10499
1623437205366 7 10549
1623437241213 7 10599
1623437262887 7 10631
1623437370152 7 10631
1623437394947 8 10649
1623437430377 8 10699
1623437466415 8 10749
1623437502258 8 10799
1623437538441 8 10849
1623437574619 8 10899
1623437610665 8 10949
1623437646868 8 10999
1623437682835 8 11049
1623437718644 8 11099
1623437754627 8 11149
1623437790556 8 11199
1623437828060 8 11249
1623437865380 8 11299
1623437902115 8 11349
1623437938695 8 11399
1623437974940 8 11449
1623438011114 8 11499
1623438047709 8 11549
1623438084323 8 11599
1623438120952 8 11649
1623438157274 8 11699
1623438193848 8 11749
1623438230277 8 11799
1623438266835 8 11849
1623438303259 8 11899
1623438337771 8 11949
1623438346246 8 11960
1623438456385 8 11960
1623438496547 9 11999
1623438532386 9 12049
1623438567679 9 12099
1623438603738 9 12149
1623438639757 9 12199
1623438675737 9 12249
1623438712207 9 12299
1623438748285 9 12349
1623438784157 9 12399
1623438819851 9 12449
1623438856016 9 12499
1623438892009 9 12549
1623438928569 9 12599
1623438965327 9 12649
1623439002271 9 12699
1623439038842 9 12749
1623439075396 9 12799
1623439111895 9 12849
1623439148614 9 12899
1623439185063 9 12949
1623439221452 9 12999
1623439257913 9 13049
1623439294170 9 13099
1623439330800 9 13149
1623439367329 9 13199
1623439403973 9 13249
1623439431522 9 13289
1623439538271 9 13289
1623439556999 10 13299
1623439592180 10 13349
1623439627994 10 13399
1623439663737 10 13449
1623439699821 10 13499
1623439735822 10 13549
1623439771773 10 13599
1623439808025 10 13649
1623439843520 10 13699
1623439878860 10 13749
1623439914969 10 13799
1623439950905 10 13849
1623439986846 10 13899
1623440022833 10 13949
1623440059470 10 13999
1623440095883 10 14049
1623440132543 10 14099
1623440169083 10 14149
1623440205699 10 14199
1623440241580 10 14249
1623440277893 10 14299
1623440314264 10 14349
1623440350933 10 14399
1623440387491 10 14449
1623440424030 10 14499
1623440460473 10 14549
1623440495725 10 14599
1623440508964 10 14618
1623440610514 10 14618
1623440644159 11 14649
1623440679559 11 14699
1623440715369 11 14749
1623440751169 11 14799
1623440787138 11 14849
1623440823144 11 14899
1623440859441 11 14949
1623440895105 11 14999
1623440930918 11 15049
1623440966478 11 15099
1623441002479 11 15149
1623441038695 11 15199
1623441075418 11 15249
1623441111987 11 15299
1623441148787 11 15349
1623441185381 11 15399
1623441221786 11 15449
1623441257889 11 15499
1623441294007 11 15549
1623441330536 11 15599
1623441366973 11 15649
1623441403351 11 15699
1623441439769 11 15749
1623441476287 11 15799
1623441512738 11 15849
1623441549433 11 15899
1623441583082 11 15947
1623441690178 11 15947
1623441701532 12 15949
1623441738495 12 15999
1623441773977 12 16049
1623441809806 12 16099
1623441845550 12 16149
1623441881771 12 16199
1623441918266 12 16249
1623441954428 12 16299
1623441989945 12 16349
1623442025616 12 16399
1623442061738 12 16449
1623442097578 12 16499
1623442133690 12 16549
1623442170521 12 16599
1623442206992 12 16649
1623442243564 12 16699
1623442279918 12 16749
1623442316635 12 16799
1623442353202 12 16849
1623442389948 12 16899
1623442426438 12 16949
1623442462993 12 16999
1623442499440 12 17049
1623442536051 12 17099
1623442572483 12 17149
1623442608927 12 17199
1623442645026 12 17249
1623442663496 12 17276
1623442766239 12 17276
1623442792898 13 17299
1623442827937 13 17349
1623442863457 13 17399
1623442898758 13 17449
1623442934522 13 17499
1623442970564 13 17549
1623443006853 13 17599
1623443042979 13 17649
1623443079166 13 17699
1623443115131 13 17749
1623443151270 13 17799
1623443187356 13 17849
1623443223807 13 17899
1623443259819 13 17949
1623443295797 13 17999
1623443331958 13 18049
1623443368378 13 18099
1623443404967 13 18149
1623443441689 13 18199
1623443478346 13 18249
1623443514407 13 18299
1623443550983 13 18349
1623443587608 13 18399
1623443624047 13 18449
1623443660519 13 18499
1623443697181 13 18549
1623443731042 13 18599
1623443736148 13 18605
1623443843056 13 18605
1623443885568 14 18649
1623443921167 14 18699
1623443957014 14 18749
1623443993094 14 18799
1623444029267 14 18849
1623444065507 14 18899
1623444101176 14 18949
1623444137147 14 18999
1623444173245 14 19049
1623444209146 14 19099
1623444245019 14 19149
1623444281270 14 19199
1623444317695 14 19249
1623444354249 14 19299
1623444390770 14 19349
1623444427313 14 19399
1623444463829 14 19449
1623444500458 14 19499
1623444536831 14 19549
1623444573358 14 19599
1623444609959 14 19649
1623444646438 14 19699
1623444682882 14 19749
1623444719016 14 19799
1623444755745 14 19849
1623444792265 14 19899
1623444815870 14 19934
1623444925375 14 19934
1623444946847 15 19949
1623444982235 15 19999
1623445017888 15 20049
1623445053890 15 20099
1623445089942 15 20149
1623445126342 15 20199
1623445162473 15 20249
1623445199005 15 20299
1623445235075 15 20349
1623445271017 15 20399
1623445307351 15 20449
1623445342866 15 20499
1623445379301 15 20549
1623445416075 15 20599
1623445452975 15 20649
1623445489645 15 20699
1623445526277 15 20749
1623445562450 15 20799
1623445598930 15 20849
1623445635580 15 20899
1623445671848 15 20949
1623445708211 15 20999
1623445744487 15 21049
1623445780933 15 21099
1623445817345 15 21149
1623445853834 15 21199
1623445888470 15 21249
1623445898582 15 21263
1623446006461 15 21263
1623446042693 16 21299
1623446078292 16 21349
1623446113980 16 21399
1623446149726 16 21449
1623446185733 16 21499
1623446221796 16 21549
1623446257796 16 21599
1623446294012 16 21649
1623446329856 16 21699
1623446366039 16 21749
1623446402016 16 21799
1623446438168 16 21849
1623446474985 16 21899
1623446511694 16 21949
1623446548165 16 21999
1623446584537 16 22049
1623446621265 16 22099
1623446658006 16 22149
1623446694568 16 22199
1623446731149 16 22249
1623446767780 16 22299
1623446804660 16 22349
1623446840907 16 22399
1623446877423 16 22449
1623446914233 16 22499
1623446950812 16 22549
1623446980295 16 22592
1623447087544 16 22592
1623447103567 17 22599
1623447138836 17 22649
1623447174801 17 22699
1623447210567 17 22749
1623447246703 17 22799
1623447282787 17 22849
1623447319004 17 22899
1623447354939 17 22949
1623447390834 17 22999
1623447427175 17 23049
1623447463058 17 23099
1623447499186 17 23149
1623447535092 17 23199
1623447571765 17 23249
1623447608422 17 23299
1623447644881 17 23349
1623447681177 17 23399
1623447717852 17 23449
1623447754305 17 23499
1623447791039 17 23549
1623447827488 17 23599
1623447863917 17 23649
1623447900626 17 23699
1623447937487 17 23749
1623447973723 17 23799
1623448010391 17 23849
1623448045980 17 23899
1623448061199 17 23921
1623448168035 17 23921
1623448198665 18 23949
1623448234156 18 23999
1623448269883 18 24049
1623448305757 18 24099
1623448341698 18 24149
1623448377979 18 24199
1623448413973 18 24249
1623448449944 18 24299
1623448486112 18 24349
1623448522378 18 24399
1623448558350 18 24449
1623448594561 18 24499
1623448631279 18 24549
1623448667751 18 24599
1623448704349 18 24649
1623448740845 18 24699
1623448777557 18 24749
1623448814177 18 24799
1623448850895 18 24849
1623448887534 18 24899
1623448924266 18 24949
1623448960976 18 24999
1623448997682 18 25049
1623449033547 18 25099
1623449070270 18 25149
1623449106734 18 25199
1623449140107 18 25249
1623449142066 18 25250
1623449246975 18 25250
1623449292282 19 25299
1623449327841 19 25349
1623449363529 19 25399
1623449399357 19 25449
1623449435258 19 25499
1623449471330 19 25549
1623449507344 19 25599
1623449543555 19 25649
1623449579641 19 25699
1623449615572 19 25749
1623449651601 19 25799
1623449687938 19 25849
1623449724524 19 25899
1623449761117 19 25949
1623449797693 19 25999
1623449834128 19 26049
1623449870826 19 26099
1623449907338 19 26149
1623449943963 19 26199
1623449980590 19 26249
1623450017459 19 26299
1623450054087 19 26349
1623450090729 19 26399
1623450127153 19 26449
1623450163758 19 26499
1623450199703 19 26549
1623450220026 19 26579
1623450326683 19 26579
1623450351454 20 26599
1623450386982 20 26649
1623450422750 20 26699
1623450458377 20 26749
1623450494309 20 26799
1623450530591 20 26849
1623450566706 20 26899
1623450602876 20 26949
1623450638560 20 26999
1623450674533 20 27049
1623450710541 20 27099
1623450746670 20 27149
1623450782960 20 27199
1623450819770 20 27249
1623450856224 20 27299
1623450892652 20 27349
1623450929257 20 27399
1623450965921 20 27449
1623451002350 20 27499
1623451038773 20 27549
1623451075384 20 27599
1623451111422 20 27649
1623451148215 20 27699
1623451184744 20 27749
1623451221203 20 27799
1623451257812 20 27849
1623451292046 20 27899
1623451299057 20 27908
1623451408655 20 27908
1623451448216 21 27949
1623451483886 21 27999
1623451519843 21 28049
1623451555770 21 28099
1623451591704 21 28149
1623451627823 21 28199
1623451664083 21 28249
1623451700322 21 28299
1623451736325 21 28349
1623451772497 21 28399
1623451809022 21 28449
1623451845386 21 28499
1623451881921 21 28549
1623451918172 21 28599
1623451954855 21 28649
1623451991301 21 28699
1623452027711 21 28749
1623452064300 21 28799
1623452100733 21 28849
1623452137451 21 28899
1623452173687 21 28949
1623452209843 21 28999
1623452246041 21 29049
1623452282202 21 29099
1623452317993 21 29149
1623452354276 21 29199
1623452379993 21 29237
1623452487451 21 29237
1623452506629 22 29249
1623452541897 22 29299
1623452577428 22 29349
1623452613160 22 29399
1623452649213 22 29449
1623452685313 22 29499
1623452721385 22 29549
1623452757687 22 29599
1623452793759 22 29649
1623452829665 22 29699
1623452865508 22 29749
1623452901365 22 29799
1623452937334 22 29849
1623452973715 22 29899
1623453010137 22 29949
1623453046679 22 29999
1623453083319 22 30049
1623453119982 22 30099
1623453156589 22 30149
1623453193369 22 30199
1623453229946 22 30249
1623453266690 22 30299
1623453303011 22 30349
1623453339800 22 30399
1623453376109 22 30449
1623453412767 22 30499
1623453447793 22 30549
1623453460094 22 30566
1623453562117 22 30566
1623453597089 23 30599
1623453632791 23 30649
1623453668757 23 30699
1623453704619 23 30749
1623453740668 23 30799
1623453776850 23 30849
1623453812892 23 30899
1623453849014 23 30949
1623453884730 23 30999
1623453920188 23 31049
1623453955953 23 31099
1623453991916 23 31149
1623454028282 23 31199
1623454064896 23 31249
1623454101696 23 31299
1623454138278 23 31349
1623454174998 23 31399
1623454211653 23 31449
1623454248107 23 31499
1623454284694 23 31549
1623454321295 23 31599
1623454357544 23 31649
1623454394036 23 31699
1623454430697 23 31749
1623454467415 23 31799
1623454504003 23 31849
1623454535678 23 31895
1623454640376 23 31895
1623454653835 24 31899
1623454688979 24 31949
1623454724591 24 31999
1623454760148 24 32049
1623454796106 24 32099
1623454832377 24 32149
1623454868471 24 32199
1623454904510 24 32249
1623454940004 24 32299
1623454976131 24 32349
1623455012443 24 32399
1623455048481 24 32449
1623455084903 24 32499
1623455121330 24 32549
1623455157940 24 32599
1623455194617 24 32649
1623455231167 24 32699
1623455267665 24 32749
1623455304029 24 32799
1623455340697 24 32849
1623455377247 24 32899
1623455413722 24 32949
1623455450355 24 32999
1623455486895 24 33049
1623455523236 24 33099
1623455559969 24 33149
1623455595671 24 33199
1623455612807 24 33224
1623455717694 24 33224
1623455746187 25 33249
1623455781437 25 33299
1623455817033 25 33349
1623455852987 25 33399
1623455889198 25 33449
1623455925564 25 33499
1623455961768 25 33549
1623455997870 25 33599
1623456033800 25 33649
1623456069922 25 33699
1623456105922 25 33749
1623456141673 25 33799
1623456177919 25 33849
1623456214274 25 33899
1623456251107 25 33949
1623456287676 25 33999
1623456323912 25 34049
1623456360617 25 34099
1623456397171 25 34149
1623456434003 25 34199
1623456470839 25 34249
1623456507327 25 34299
1623456543503 25 34349
1623456579964 25 34399
1623456616203 25 34449
1623456652876 25 34499
1623456686744 25 34549
1623456690555 25 34553
1623456799028 25 34553
1623456842524 26 34599
1623456878143 26 34649
1623456913881 26 34699
1623456949841 26 34749
1623456986192 26 34799
1623457022467 26 34849
1623457058529 26 34899
1623457094875 26 34949
1623457131166 26 34999
1623457167290 26 35049
1623457203079 26 35099
1623457239154 26 35149
1623457275517 26 35199
1623457312245 26 35249
1623457349027 26 35299
1623457385620 26 35349
1623457422235 26 35399
1623457458818 26 35449
1623457495414 26 35499
1623457532115 26 35549
1623457568885 26 35599
1623457605472 26 35649
1623457642113 26 35699
1623457678873 26 35749
1623457715209 26 35799
1623457751715 26 35849
1623457773961 26 35882
1623457875056 26 35882
1623457898852 27 35899
1623457934230 27 35949
1623457970103 27 35999
1623458006053 27 36049
1623458041934 27 36099
1623458078093 27 36149
1623458114273 27 36199
1623458150347 27 36249
1623458186570 27 36299
1623458222518 27 36349
1623458258612 27 36399
1623458294846 27 36449
1623458331366 27 36499
1623458368131 27 36549
1623458404628 27 36599
1623458440943 27 36649
1623458477350 27 36699
1623458513789 27 36749
1623458550644 27 36799
1623458587013 27 36849
1623458623358 27 36899
1623458659850 27 36949
1623458696611 27 36999
1623458733567 27 37049
1623458770283 27 37099
1623458806903 27 37149
1623458841432 27 37199
1623458850369 27 37211
1623458956136 27 37211
1623458993879 28 37249
1623459029514 28 37299
1623459065641 28 37349
1623459101594 28 37399
1623459137613 28 37449
1623459173820 28 37499
1623459210068 28 37549
1623459245953 28 37599
1623459281749 28 37649
1623459317522 28 37699
1623459353128 28 37749
1623459389269 28 37799
1623459425793 28 37849
1623459462481 28 37899
1623459499063 28 37949
1623459535733 28 37999
1623459572221 28 38049
1623459608916 28 38099
1623459645427 28 38149
1623459682114 28 38199
1623459718822 28 38249
1623459755164 28 38299
1623459791811 28 38349
1623459828296 28 38399
1623459864857 28 38449
1623459901431 28 38499
1623459929514 28 38540
1623460030638 28 38540
1623460047953 29 38549
1623460083128 29 38599
1623460118955 29 38649
1623460154391 29 38699
1623460190523 29 38749
1623460226459 29 38799
1623460262453 29 38849
1623460298850 29 38899
1623460334832 29 38949
1623460370949 29 38999
1623460406896 29 39049
1623460442867 29 39099
1623460479076 29 39149
1623460515199 29 39199
1623460551977 29 39249
1623460588818 29 39299
1623460625368 29 39349
1623460661942 29 39399
1623460698424 29 39449
1623460734873 29 39499
1623460771516 29 39549
1623460807921 29 39599
1623460844382 29 39649
1623460881046 29 39699
1623460917756 29 39749
1623460954121 29 39799
1623460989474 29 39849
1623461003490 29 39869
1623461111747 29 39869
1623461143580 30 39899
1623461178868 30 39949
1623461214607 30 39999
1623461250469 30 40049
1623461286426 30 40099
1623461322209 30 40149
1623461358142 30 40199
1623461393952 30 40249
1623461429750 30 40299
1623461465430 30 40349
1623461501434 30 40399
1623461537714 30 40449
1623461574267 30 40499
1623461611023 30 40549
1623461647515 30 40599
1623461684102 30 40649
1623461721027 30 40699
1623461757792 30 40749
1623461794059 30 40799
1623461830752 30 40849
1623461867315 30 40899
1623461904124 30 40949
1623461940661 30 40999
1623461977176 30 41049
1623462013805 30 41099
1623462050506 30 41149
1623462084382 30 41198
1623462193344 30 41198
1623462203024 31 41199
1623462239983 31 41249
1623462275638 31 41299
1623462311254 31 41349
1623462347133 31 41399
1623462383291 31 41449
1623462419469 31 41499
1623462455939 31 41549
1623462491390 31 41599
1623462526928 31 41649
1623462562846 31 41699
1623462598431 31 41749
1623462634411 31 41799
1623462670939 31 41849
1623462707318 31 41899
1623462743903 31 41949
1623462780523 31 41999
1623462816960 31 42049
1623462853637 31 42099
1623462890277 31 42149
1623462926834 31 42199
1623462963482 31 42249
1623462999899 31 42299
1623463036560 31 42349
1623463073198 31 42399
1623463109379 31 42449
1623463145587 31 42499
1623463164764 31 42527
1623463275320 31 42527
1623463301776 32 42549
1623463336996 32 42599
1623463372902 32 42649
1623463409318 32 42699
1623463445439 32 42749
1623463481414 32 42799
1623463517381 32 42849
1623463553805 32 42899
1623463590002 32 42949
1623463626068 32 42999
1623463662083 32 43049
1623463697943 32 43099
1623463734390 32 43149
1623463770891 32 43199
1623463807311 32 43249
1623463844001 32 43299
1623463880516 32 43349
1623463917144 32 43399
1623463953868 32 43449
1623463990760 32 43499
1623464027378 32 43549
1623464063741 32 43599
1623464100334 32 43649
1623464136957 32 43699
1623464173362 32 43749
1623464209774 32 43799
1623464243763 32 43849
1623464249495 32 43856
1623464356785 32 43856
1623464398128 33 43899
1623464433702 33 43949
1623464469490 33 43999
1623464505383 33 44049
1623464541359 33 44099
1623464577528 33 44149
1623464613984 33 44199
1623464650267 33 44249
1623464686598 33 44299
1623464723121 33 44349
1623464759258 33 44399
1623464795391 33 44449
1623464832095 33 44499
1623464868414 33 44549
1623464905255 33 44599
1623464941782 33 44649
1623464978221 33 44699
1623465014555 33 44749
1623465051199 33 44799
1623465087724 33 44849
1623465124450 33 44899
1623465161127 33 44949
1623465197872 33 44999
1623465234205 33 45049
1623465270762 33 45099
1623465307142 33 45149
1623465331528 33 45185
1623465440673 33 45185
1623465461843 34 45199
1623465497079 34 45249
1623465532665 34 45299
1623465568652 34 45349
1623465604703 34 45399
1623465640564 34 45449
1623465676676 34 45499
1623465712958 34 45549
1623465749108 34 45599
1623465785367 34 45649
1623465821631 34 45699
1623465857772 34 45749
1623465894091 34 45799
1623465930688 34 45849
1623465967245 34 45899
1623466003872 34 45949
1623466040604 34 45999
1623466077297 34 46049
1623466113671 34 46099
1623466150185 34 46149
1623466186907 34 46199
1623466223328 34 46249
1623466259943 34 46299
1623466296462 34 46349
1623466333217 34 46399
1623466369846 34 46449
1623466404615 34 46499
1623466415453 34 46514
1623466518127 34 46514
1623466554228 35 46549
1623466589596 35 46599
1623466625130 35 46649
1623466660850 35 46699
1623466696819 35 46749
1623466732861 35 46799
1623466769321 35 46849
1623466805397 35 46899
1623466841696 35 46949
1623466878079 35 46999
1623466914228 35 47049
1623466949832 35 47099
1623466986402 35 47149
1623467022996 35 47199
1623467059620 35 47249
1623467096212 35 47299
1623467132829 35 47349
1623467169496 35 47399
1623467205951 35 47449
1623467242701 35 47499
1623467279102 35 47549
1623467315601 35 47599
1623467352265 35 47649
1623467389128 35 47699
1623467425805 35 47749
1623467462432 35 47799
1623467492765 35 47843
1623467597650 35 47843
1623467612833 36 47849
1623467647968 36 47899
1623467683955 36 47949
1623467719851 36 47999
1623467755930 36 48049
1623467792077 36 48099
1623467828449 36 48149
1623467864694 36 48199
1623467900731 36 48249
1623467936626 36 48299
1623467972731 36 48349
1623468008814 36 48399
1623468045161 36 48449
1623468081429 36 48499
1623468118218 36 48549
1623468154399 36 48599
1623468191124 36 48649
1623468227428 36 48699
1623468264060 36 48749
1623468300620 36 48799
1623468337191 36 48849
1623468373718 36 48899
1623468410345 36 48949
1623468446780 36 48999
1623468483349 36 49049
1623468519757 36 49099
1623468555363 36 49149
1623468571422 36 49172
1623468678605 36 49172
1623468708546 37 49199
1623468744327 37 49249
1623468780216 37 49299
1623468816230 37 49349
1623468852106 37 49399
1623468888384 37 49449
1623468924492 37 49499
1623468960756 37 49549
1623468996782 37 49599
1623469032521 37 49649
1623469068485 37 49699
1623469104582 37 49749
1623469141195 37 49799
1623469177752 37 49849
1623469214361 37 49899
1623469251161 37 49949
1623469288046 37 49999
1623469324769 37 50049
1623469361369 37 50099
1623469397956 37 50149
1623469434438 37 50199
1623469470673 37 50249
1623469507165 37 50299
1623469543841 37 50349
1623469580454 37 50399
1623469617009 37 50449
1623469650585 37 50499
1623469653318 37 50501
1623469762157 37 50501
1623469808199 38 50549
1623469843612 38 50599
1623469879214 38 50649
1623469915055 38 50699
1623469951094 38 50749
1623469987253 38 50799
1623470023613 38 50849
1623470059813 38 50899
1623470095884 38 50949
1623470131925 38 50999
1623470167971 38 51049
1623470203972 38 51099
1623470240455 38 51149
1623470277111 38 51199
1623470313508 38 51249
1623470350187 38 51299
1623470386591 38 51349
1623470423113 38 51399
1623470459707 38 51449
1623470496239 38 51499
1623470532844 38 51549
1623470569230 38 51599
1623470605831 38 51649
1623470642471 38 51699
1623470679236 38 51749
1623470715545 38 51799
1623470736537 38 51830
1623470847826 38 51830
1623470871877 39 51849
1623470907316 39 51899
1623470943097 39 51949
1623470978943 39 51999
1623471015111 39 52049
1623471051000 39 52099
1623471087167 39 52149
1623471123213 39 52199
1623471159322 39 52249
1623471195405 39 52299
1623471231185 39 52349
1623471266903 39 52399
1623471303232 39 52449
1623471339925 39 52499
1623471376611 39 52549
1623471413343 39 52599
1623471449811 39 52649
1623471486324 39 52699
1623471522699 39 52749
1623471559074 39 52799
1623471595605 39 52849
1623471632120 39 52899
1623471668828 39 52949
1623471705236 39 52999
1623471741848 39 53049
1623471778530 39 53099
1623471812784 39 53149
1623471820842 39 53159
1623471935369 39 53159
1623471974265 40 53199
1623472009687 40 53249
1623472045278 40 53299
1623472081168 40 53349
1623472117115 40 53399
1623472153322 40 53449
1623472189627 40 53499
1623472225904 40 53549
1623472261793 40 53599
1623472297925 40 53649
1623472333941 40 53699
1623472370231 40 53749
1623472406758 40 53799
1623472443311 40 53849
1623472479875 40 53899
1623472516265 40 53949
1623472552632 40 53999
1623472589176 40 54049
1623472625616 40 54099
1623472661971 40 54149
1623472698389 40 54199
1623472734955 40 54249
1623472771328 40 54299
1623472807691 40 54349
1623472844393 40 54399
1623472880695 40 54449
1623472907347 40 54488
1623473020807 40 54488
1623473040865 41 54499
1623473076521 41 54549
1623473112133 41 54599
1623473148016 41 54649
1623473183958 41 54699
1623473220123 41 54749
1623473256496 41 54799
1623473292104 41 54849
1623473328284 41 54899
1623473364344 41 54949
1623473400658 41 54999
1623473436684 41 55049
1623473473150 41 55099
1623473509704 41 55149
1623473546557 41 55199
1623473582965 41 55249
1623473619630 41 55299
1623473656173 41 55349
1623473692753 41 55399
1623473729349 41 55449
1623473765983 41 55499
1623473802785 41 55549
1623473839149 41 55599
1623473875700 41 55649
1623473912269 41 55699
1623473948916 41 55749
1623473984004 41 55799
1623473996954 41 55817
1623474108323 41 55817
1623474143326 42 55849
1623474179291 42 55899
1623474215396 42 55949
1623474251518 42 55999
1623474287492 42 56049
1623474323779 42 56099
1623474359963 42 56149
1623474395966 42 56199
1623474431850 42 56249
1623474468012 42 56299
1623474504191 42 56349
1623474540380 42 56399
1623474577089 42 56449
1623474613226 42 56499
1623474649812 42 56549
1623474686574 42 56599
1623474722894 42 56649
1623474759669 42 56699
1623474796220 42 56749
1623474832638 42 56799
1623474869125 42 56849
1623474905656 42 56899
1623474942370 42 56949
1623474978986 42 56999
1623475015583 42 57049
1623475051938 42 57099
1623475084730 42 57146
1623475192245 42 57146
1623475206976 43 57149
1623475242872 43 57199
1623475278560 43 57249
1623475314544 43 57299
1623475350722 43 57349
1623475387059 43 57399
1623475423007 43 57449
1623475459182 43 57499
1623475495158 43 57549
1623475531317 43 57599
1623475567647 43 57649
1623475603707 43 57699
1623475640252 43 57749
1623475676698 43 57799
1623475713040 43 57849
1623475749279 43 57899
1623475785769 43 57949
1623475821625 43 57999
1623475857697 43 58049
1623475893932 43 58099
1623475930088 43 58149
1623475966689 43 58199
1623476013114 43 58249
1623476049720 43 58299
1623476104186 43 58349
1623476140955 43 58399
1623476184263 43 58449
1623476202498 43 58475
1623476307218 43 58475
1623476336338 44 58499
1623476371838 44 58549
1623476407404 44 58599
1623476443076 44 58649
1623476478964 44 58699
1623476515141 44 58749
1623476551215 44 58799
1623476587387 44 58849
1623476623548 44 58899
1623476659742 44 58949
1623476695807 44 58999
1623476731962 44 59049
1623476768780 44 59099
1623476805209 44 59149
1623476841721 44 59199
1623476878105 44 59249
1623476914608 44 59299
1623476951196 44 59349
1623476987686 44 59399
1623477024110 44 59449
1623477060714 44 59499
1623477097034 44 59549
1623477133890 44 59599
1623477170206 44 59649
1623477206115 44 59699
1623477242210 44 59749
1623477276105 44 59799
1623477280894 44 59804
1623477387128 44 59804
1623477430723 45 59849
1623477466353 45 59899
1623477502262 45 59949
1623477538340 45 59999
1623477574505 45 60049
1623477610651 45 60099
1623477646870 45 60149
1623477683016 45 60199
1623477719218 45 60249
1623477755318 45 60299
1623477791639 45 60349
1623477828082 45 60399
1623477865008 45 60449
1623477901804 45 60499
1623477938515 45 60549
1623477975247 45 60599
1623478011715 45 60649
1623478048239 45 60699
1623478084800 45 60749
1623478121165 45 60799
1623478157720 45 60849
1623478194025 45 60899
1623478230560 45 60949
1623478267014 45 60999
1623478303627 45 61049
1623478340350 45 61099
1623478363646 45 61133
1623478472001 45 61133
1623478495649 46 61149
1623478531222 46 61199
1623478566603 46 61249
1623478602225 46 61299
1623478638155 46 61349
1623478674264 46 61399
1623478710306 46 61449
1623478746435 46 61499
1623478782368 46 61549
1623478818343 46 61599
1623478854674 46 61649
1623478890714 46 61699
1623478927066 46 61749
1623478963610 46 61799
1623478999895 46 61849
1623479036547 46 61899
1623479072715 46 61949
1623479109298 46 61999
1623479146017 46 62049
1623479182584 46 62099
1623479219219 46 62149
1623479255793 46 62199
1623479292102 46 62249
1623479328937 46 62299
1623479365717 46 62349
1623479402247 46 62399
1623479437096 46 62449
1623479446906 46 62462
1623479557489 46 62462
1623479595250 47 62499
1623479630583 47 62549
1623479666042 47 62599
1623479701849 47 62649
1623479737886 47 62699
1623479774013 47 62749
1623479810312 47 62799
1623479846580 47 62849
1623479882720 47 62899
1623479919002 47 62949
1623479955056 47 62999
1623479991197 47 63049
1623480027824 47 63099
1623480064293 47 63149
1623480100854 47 63199
1623480137516 47 63249
1623480174375 47 63299
1623480211140 47 63349
1623480247659 47 63399
1623480283855 47 63449
1623480320670 47 63499
1623480357110 47 63549
1623480393778 47 63599
1623480430212 47 63649
1623480466644 47 63699
1623480503164 47 63749
1623480532317 47 63791
1623480644654 47 63791
1623480660796 48 63799
1623480696004 48 63849
1623480731361 48 63899
1623480767057 48 63949
1623480802752 48 63999
1623480838961 48 64049
1623480875069 48 64099
1623480911257 48 64149
1623480947391 48 64199
1623480983376 48 64249
1623481019580 48 64299
1623481055673 48 64349
1623481092251 48 64399
1623481128824 48 64449
1623481165533 48 64499
1623481202199 48 64549
1623481238844 48 64599
1623481275506 48 64649
1623481311876 48 64699
1623481348504 48 64749
1623481385256 48 64799
1623481421610 48 64849
1623481458410 48 64899
1623481495106 48 64949
1623481531360 48 64999
1623481567804 48 65049
1623481603211 48 65099
1623481618395 48 65120
1623481725581 48 65120
1623481758483 49 65149
1623481794188 49 65199
1623481830053 49 65249
1623481865971 49 65299
1623481902005 49 65349
1623481938049 49 65399
1623481974518 49 65449
1623482010707 49 65499
1623482046500 49 65549
1623482082586 49 65599
1623482118905 49 65649
1623482154997 49 65699
1623482191682 49 65749
1623482228265 49 65799
1623482264722 49 65849
1623482301398 49 65899
1623482337918 49 65949
1623482374300 49 65999
1623482410413 49 66049
1623482447110 49 66099
1623482483480 49 66149
1623482519143 49 66199
1623482555574 49 66249
1623482591875 49 66299
1623482628591 49 66349
1623482665171 49 66399
1623482699551 49 66449
1623482699787 49 66449
1623482809352 49 66449
