1623428756037 0.001 0
1623429830088 0.0009990133642141358 1329
1623430906855 0.000996057350657239 2658
1623431984847 0.0009911436253643444 3987
1623433059686 0.0009842915805643156 5316
1623434134083 0.0009755282581475769 6645
1623435212159 0.0009648882429441258 7974
1623436291393 0.0009524135262330099 9303
1623437370157 0.0009381533400219318 10632
1623438456391 0.0009221639627510075 11961
1623439538277 0.0009045084971874736 13290
1623440610519 0.0008852566213878945 14619
1623441690183 0.0008644843137107056 15948
1623442766245 0.0008422735529643443 17277
1623443843061 0.0008187119948743448 18606
1623444925380 0.0007938926261462366 19935
1623446006467 0.0007679133974894982 21264
1623447087549 0.0007408768370508576 22593
1623448168040 0.0007128896457825362 23922
1623449246981 0.0006840622763423389 25251
1623450326689 0.0006545084971874735 26580
1623451408661 0.0006243449435824271 27909
1623452487456 0.0005936906572928622 29238
1623453562124 0.000562666616782152 30567
1623454640381 0.0005313952597646566 31896
1623455717699 0.0004999999999999998 33225
1623456799033 0.00046860474023534314 34554
1623457875061 0.00043733338321784774 35883
1623458956141 0.00040630934270713756 37212
1623460030643 0.00037565505641757246 38541
1623461111752 0.00034549150281252633 39870
1623462193349 0.00031593772365766105 41199
1623463275325 0.00028711035421746355 42528
1623464356791 0.0002591231629491422 43857
1623465440679 0.00023208660251050145 45186
1623466518132 0.00020610737385376337 46515
1623467597656 0.00018128800512565502 47844
1623468678610 0.00015772644703565555 49173
1623469762163 0.00013551568628929425 50502
1623470847832 0.00011474337861210535 51831
1623471935375 9.549150281252626e-05 53160
1623473020831 7.783603724899252e-05 54489
1623474108345 6.184665997806817e-05 55818
1623475192250 4.7586473766990294e-05 57147
1623476307224 3.5111757055874305e-05 58476
1623477387133 2.4471741852423218e-05 59805
1623478472006 1.5708419435684507e-05 61134
1623479557494 8.856374635655634e-06 62463
1623480644660 3.942649342761115e-06 63792
1623481725586 9.866357858642198e-07 65121
