1623428802536 0.6921923160552979 49
1623428838586 0.6934311389923096 99
1623428874136 0.6890232563018799 149
1623428909603 0.6906380653381348 199
1623428945394 0.6947762966156006 249
1623428981067 0.6931458711624146 299
1623429016548 0.6940916776657104 349
1623429051914 0.6876670122146606 399
1623429087127 0.6951966285705566 449
1623429123000 0.6877756118774414 499
1623429159265 0.6758758425712585 549
1623429195721 0.6838910579681396 599
1623429231813 0.6820958256721497 649
1623429267803 0.6654866933822632 699
1623429303424 0.6716480255126953 749
1623429339393 0.6415383219718933 799
1623429374953 0.7062565088272095 849
1623429411027 0.6655638217926025 899
1623429447239 0.6867303848266602 949
1623429483810 0.6766988635063171 999
1623429520405 0.6915422677993774 1049
1623429556963 0.6345382928848267 1099
1623429593081 0.6218329668045044 1149
1623429629098 0.6409507393836975 1199
1623429665472 0.7006514668464661 1249
1623429701373 0.6330326199531555 1299
1623429830054 0.44763731956481934 0
1623429855801 0.6647270917892456 1349
1623429891797 0.6099104881286621 1399
1623429928008 0.6545422077178955 1449
1623429963990 0.64769047498703 1499
1623430000057 0.611175000667572 1549
1623430035968 0.6066060066223145 1599
1623430072296 0.6184625625610352 1649
1623430107634 0.6167939901351929 1699
1623430143077 0.5959271192550659 1749
1623430178398 0.6275538206100464 1799
1623430214183 0.617209255695343 1849
1623430249706 0.6186513900756836 1899
1623430285637 0.589821457862854 1949
1623430322356 0.6047922372817993 1999
1623430358684 0.5786830186843872 2049
1623430395088 0.6386367678642273 2099
1623430431233 0.6279593706130981 2149
1623430467700 0.6007646918296814 2199
1623430503679 0.590320885181427 2249
1623430539966 0.5950518846511841 2299
1623430576203 0.5805344581604004 2349
1623430612869 0.5664339065551758 2399
1623430649308 0.5977099537849426 2449
1623430685564 0.7367563843727112 2499
1623430721724 0.6328811049461365 2549
1623430757832 0.599686861038208 2599
1623430792113 0.6228843331336975 2649
1623430906826 0.5242987871170044 1
1623430947772 0.5941482782363892 2699
1623430983393 0.6153942346572876 2749
1623431018732 0.5833466053009033 2799
1623431054767 0.5534379482269287 2849
1623431090554 0.49187272787094116 2899
1623431126741 0.6906864643096924 2949
1623431162608 0.5715546607971191 2999
1623431198431 0.5495667457580566 3049
1623431234080 0.5462731122970581 3099
1623431269789 0.5185633897781372 3149
1623431305344 0.5241804122924805 3199
1623431341165 0.5670075416564941 3249
1623431377389 0.6657071113586426 3299
1623431413944 0.743790864944458 3349
1623431450183 0.6719390749931335 3399
1623431486705 0.4341003894805908 3449
1623431523031 0.4905981421470642 3499
1623431559448 0.590752124786377 3549
1623431596043 0.5001956224441528 3599
1623431632480 0.47341638803482056 3649
1623431668957 0.5858390927314758 3699
1623431705285 0.5120292901992798 3749
1623431741691 0.5904519557952881 3799
1623431778037 0.5147385597229004 3849
1623431814556 0.5553686618804932 3899
1623431850850 0.5609257221221924 3949
1623431984813 0.5475957989692688 2
1623432004063 0.4729042053222656 3999
1623432039632 0.484413206577301 4049
1623432075585 0.5867501497268677 4099
1623432111665 0.62354975938797 4149
1623432148071 0.5636588335037231 4199
1623432184453 0.5429581999778748 4249
1623432220149 0.541126012802124 4299
1623432256134 0.5026988387107849 4349
1623432291895 0.4902157187461853 4399
1623432327022 0.5034117102622986 4449
1623432362740 0.562061071395874 4499
1623432398354 0.5292311906814575 4549
1623432434263 0.6433643102645874 4599
1623432470873 0.45009350776672363 4649
1623432506711 0.5552810430526733 4699
1623432543036 0.4079979658126831 4749
1623432579247 0.4701792597770691 4799
1623432614856 0.47706085443496704 4849
1623432650967 0.5724310874938965 4899
1623432687280 0.5206488370895386 4949
1623432723784 0.5265345573425293 4999
1623432760355 0.5866241455078125 5049
1623432796409 0.533531665802002 5099
1623432832838 0.5159052610397339 5149
1623432869162 0.4610625207424164 5199
1623432905258 0.41689640283584595 5249
1623432939792 0.5038154125213623 5299
1623433059655 0.8545514345169067 3
1623433094075 0.476227730512619 5349
1623433130149 0.5192083120346069 5399
1623433165929 0.5565288662910461 5449
1623433202052 0.5573205947875977 5499
1623433238159 0.4727512300014496 5549
1623433274148 0.4231925904750824 5599
1623433310460 0.5402359366416931 5649
1623433346559 0.4714477062225342 5699
1623433382173 0.43311595916748047 5749
1623433417548 0.5321227312088013 5799
1623433452706 0.43896543979644775 5849
1623433488398 0.43954265117645264 5899
1623433524787 0.5389782190322876 5949
1623433561207 0.492642343044281 5999
1623433597579 0.4435828626155853 6049
1623433633947 0.4720250964164734 6099
1623433670274 0.5456246137619019 6149
1623433706829 0.4811919331550598 6199
1623433742491 0.47784626483917236 6249
1623433778228 0.4235108494758606 6299
1623433814107 0.5545750856399536 6349
1623433850437 0.4884238839149475 6399
1623433887287 0.439299076795578 6449
1623433923692 0.47264131903648376 6499
1623433960175 0.6366561651229858 6549
1623433996804 0.4683576226234436 6599
1623434133926 0.4449136257171631 4
1623434148422 0.5082967281341553 6649
1623434183880 0.4892655611038208 6699
1623434219681 0.4177900552749634 6749
1623434255514 0.3830276131629944 6799
1623434291504 0.39572030305862427 6849
1623434327783 0.4305582344532013 6899
1623434364087 0.41281670331954956 6949
1623434400099 0.42524057626724243 6999
1623434436081 0.49474406242370605 7049
1623434471930 0.4484589099884033 7099
1623434507779 0.4804959297180176 7149
1623434543960 0.4706195592880249 7199
1623434580179 0.4774882197380066 7249
1623434616804 0.48504966497421265 7299
1623434653246 0.5462595820426941 7349
1623434689984 0.5005227327346802 7399
1623434726318 0.4649171531200409 7449
1623434762566 0.5069737434387207 7499
1623434798818 0.4475231170654297 7549
1623434834689 0.587661862373352 7599
1623434871050 0.5101946592330933 7649
1623434907419 0.4873948097229004 7699
1623434944043 0.49389147758483887 7749
1623434980444 0.525968074798584 7799
1623435016755 0.46969932317733765 7849
1623435053206 0.44133707880973816 7899
1623435088607 0.43129247426986694 7949
1623435211974 0.22997549176216125 5
1623435242038 0.434606671333313 7999
1623435277464 0.4536626636981964 8049
1623435312861 0.35925838351249695 8099
1623435348698 0.43882960081100464 8149
1623435384587 0.47800999879837036 8199
1623435420957 0.47475114464759827 8249
1623435456866 0.47402065992355347 8299
1623435493057 0.49136626720428467 8349
1623435528240 0.5478277206420898 8399
1623435564328 0.4394901990890503 8449
1623435599971 0.4690020978450775 8499
1623435635786 0.5594336986541748 8549
1623435671968 0.47424694895744324 8599
1623435708472 0.4671218991279602 8649
1623435744475 0.4751157760620117 8699
1623435780871 0.4631085693836212 8749
1623435817279 0.483925461769104 8799
1623435853724 0.47868961095809937 8849
1623435890346 0.44726836681365967 8899
1623435926834 0.38986605405807495 8949
1623435963514 0.6078476905822754 8999
1623436000313 0.5182487964630127 9049
1623436036810 0.3962154984474182 9099
1623436073533 0.5612698197364807 9149
1623436109506 0.45903050899505615 9199
1623436146085 0.48712819814682007 9249
1623436179653 0.38761085271835327 9299
1623436291360 0.34276294708251953 6
1623436335640 0.42444491386413574 9349
1623436371159 0.4272463023662567 9399
1623436406815 0.4437686502933502 9449
1623436442694 0.45809197425842285 9499
1623436478827 0.5066299438476562 9549
1623436515107 0.4178362190723419 9599
1623436551193 0.4438570439815521 9649
1623436587106 0.4957076907157898 9699
1623436623021 0.43715375661849976 9749
1623436659292 0.5332509279251099 9799
1623436695048 0.564777672290802 9849
1623436731113 0.46999210119247437 9899
1623436767728 0.47044244408607483 9949
1623436804372 0.3990512490272522 9999
1623436840381 0.49172309041023254 10049
1623436877120 0.32990044355392456 10099
1623436913891 0.3981020152568817 10149
1623436950482 0.5270408391952515 10199
1623436986983 0.42583709955215454 10249
1623437023597 0.4700213074684143 10299
1623437060125 0.4652833342552185 10349
1623437096392 0.44450610876083374 10399
1623437132836 0.4073145091533661 10449
1623437169277 0.43010324239730835 10499
1623437205366 0.43151211738586426 10549
1623437241213 0.5085759162902832 10599
1623437370073 0.2367808222770691 7
1623437394947 0.4803085923194885 10649
1623437430377 0.3776025176048279 10699
1623437466415 0.42131710052490234 10749
1623437502258 0.37041884660720825 10799
1623437538441 0.42489317059516907 10849
1623437574619 0.3894917368888855 10899
1623437610665 0.4354581832885742 10949
1623437646868 0.44382500648498535 10999
1623437682835 0.44508418440818787 11049
1623437718644 0.4421652853488922 11099
1623437754627 0.4537680149078369 11149
1623437790556 0.36633241176605225 11199
1623437828060 0.3806963562965393 11249
1623437865380 0.40415915846824646 11299
1623437902115 0.49043598771095276 11349
1623437938695 0.3640475273132324 11399
1623437974940 0.47946131229400635 11449
1623438011114 0.4684823155403137 11499
1623438047709 0.47285693883895874 11549
1623438084323 0.4605514407157898 11599
1623438120952 0.45347410440444946 11649
1623438157274 0.41429632902145386 11699
1623438193848 0.3661808669567108 11749
1623438230277 0.4089767634868622 11799
1623438266835 0.5752611756324768 11849
1623438303259 0.5477317571640015 11899
1623438337771 0.42925113439559937 11949
1623438456358 0.2152964174747467 8
1623438496547 0.4139585793018341 11999
1623438532386 0.41814208030700684 12049
1623438567679 0.3893697261810303 12099
1623438603738 0.4126504361629486 12149
1623438639757 0.3893284201622009 12199
1623438675737 0.4688091576099396 12249
1623438712207 0.5135299563407898 12299
1623438748285 0.41903701424598694 12349
1623438784157 0.4328102469444275 12399
1623438819851 0.37534430623054504 12449
1623438856016 0.434307336807251 12499
1623438892009 0.41898617148399353 12549
1623438928569 0.3836008310317993 12599
1623438965327 0.42787671089172363 12649
1623439002271 0.4841954708099365 12699
1623439038842 0.43554407358169556 12749
1623439075396 0.36446934938430786 12799
1623439111895 0.429332971572876 12849
1623439148614 0.3741760849952698 12899
1623439185063 0.3536268472671509 12949
1623439221452 0.42046642303466797 12999
1623439257913 0.46408015489578247 13049
1623439294170 0.46434471011161804 13099
1623439330800 0.44431155920028687 13149
1623439367329 0.45697468519210815 13199
1623439403973 0.43625593185424805 13249
1623439537863 0.734466552734375 9
1623439556999 0.4200955033302307 13299
1623439592180 0.4360644519329071 13349
1623439627994 0.3975903391838074 13399
1623439663737 0.4121936559677124 13449
1623439699821 0.3767852783203125 13499
1623439735822 0.4029395580291748 13549
1623439771773 0.4262251555919647 13599
1623439808025 0.5024334788322449 13649
1623439843520 0.4732908308506012 13699
1623439878860 0.46455538272857666 13749
1623439914969 0.3763158917427063 13799
1623439950905 0.45702260732650757 13849
1623439986846 0.4584865868091583 13899
1623440022833 0.4222424030303955 13949
1623440059470 0.3952377140522003 13999
1623440095883 0.429108202457428 14049
1623440132543 0.3542645275592804 14099
1623440169083 0.5410076975822449 14149
1623440205699 0.4395506680011749 14199
1623440241580 0.5062040090560913 14249
1623440277893 0.4182930290699005 14299
1623440314264 0.49531370401382446 14349
1623440350933 0.529787540435791 14399
1623440387491 0.3575513958930969 14449
1623440424030 0.42540138959884644 14499
1623440460473 0.4441611170768738 14549
1623440495725 0.4554489850997925 14599
1623440610485 0.5402665138244629 10
1623440644159 0.37034037709236145 14649
1623440679559 0.5749053955078125 14699
1623440715369 0.41139769554138184 14749
1623440751169 0.36726048588752747 14799
1623440787138 0.37541186809539795 14849
1623440823144 0.4906531870365143 14899
1623440859441 0.38773471117019653 14949
1623440895105 0.4769490957260132 14999
1623440930918 0.4150526225566864 15049
1623440966478 0.4303814768791199 15099
1623441002479 0.418643981218338 15149
1623441038695 0.41383397579193115 15199
1623441075418 0.42078423500061035 15249
1623441111987 0.43301862478256226 15299
1623441148787 0.368620902299881 15349
1623441185381 0.42098772525787354 15399
1623441221786 0.4261735677719116 15449
1623441257889 0.3575739860534668 15499
1623441294007 0.4870097041130066 15549
1623441330536 0.4963594973087311 15599
1623441366973 0.37034380435943604 15649
1623441403351 0.5011745691299438 15699
1623441439769 0.4331878125667572 15749
1623441476287 0.42601120471954346 15799
1623441512738 0.4342345893383026 15849
1623441549433 0.4566570520401001 15899
1623441690154 0.4840814173221588 11
1623441701532 0.4552961587905884 15949
1623441738495 0.4270537197589874 15999
1623441773977 0.41043514013290405 16049
1623441809806 0.46549728512763977 16099
1623441845550 0.3686653971672058 16149
1623441881771 0.33493202924728394 16199
1623441918266 0.4611283540725708 16249
1623441954428 0.3605538010597229 16299
1623441989945 0.4991740882396698 16349
1623442025616 0.40076887607574463 16399
1623442061738 0.41776591539382935 16449
1623442097578 0.400456964969635 16499
1623442133690 0.5055920481681824 16549
1623442170521 0.4566931128501892 16599
1623442206992 0.443901389837265 16649
1623442243564 0.4013105034828186 16699
1623442279918 0.40991395711898804 16749
1623442316635 0.4730740487575531 16799
1623442353202 0.40845030546188354 16849
1623442389948 0.5046347975730896 16899
1623442426438 0.45725929737091064 16949
1623442462993 0.39481422305107117 16999
1623442499440 0.4136296510696411 17049
1623442536051 0.36797577142715454 17099
1623442572483 0.5859802961349487 17149
1623442608927 0.5302065014839172 17199
1623442645026 0.4485347270965576 17249
1623442766211 0.295044869184494 12
1623442792898 0.3888610005378723 17299
1623442827937 0.47877711057662964 17349
1623442863457 0.39078769087791443 17399
1623442898758 0.3733033239841461 17449
1623442934522 0.39107197523117065 17499
1623442970564 0.5040997266769409 17549
1623443006853 0.39076903462409973 17599
1623443042979 0.343256413936615 17649
1623443079166 0.45772966742515564 17699
1623443115131 0.45550400018692017 17749
1623443151270 0.49200311303138733 17799
1623443187356 0.3622400164604187 17849
1623443223807 0.3626953959465027 17899
1623443259819 0.4153791069984436 17949
1623443295797 0.40243983268737793 17999
1623443331958 0.3923739790916443 18049
1623443368378 0.417630672454834 18099
1623443404967 0.3894106149673462 18149
1623443441689 0.4561736583709717 18199
1623443478346 0.4604955315589905 18249
1623443514407 0.4179282784461975 18299
1623443550983 0.3679872155189514 18349
1623443587608 0.4267759919166565 18399
1623443624047 0.5250697731971741 18449
1623443660519 0.49178701639175415 18499
1623443697181 0.4752139449119568 18549
1623443731042 0.3706345558166504 18599
1623443843031 0.3330479860305786 13
1623443885568 0.446769118309021 18649
1623443921167 0.4218236804008484 18699
1623443957014 0.3807063102722168 18749
1623443993094 0.43523579835891724 18799
1623444029267 0.3458675146102905 18849
1623444065507 0.4381096363067627 18899
1623444101176 0.35278844833374023 18949
1623444137147 0.3471445143222809 18999
1623444173245 0.3697430491447449 19049
1623444209146 0.4617418944835663 19099
1623444245019 0.34336215257644653 19149
1623444281270 0.4628348648548126 19199
1623444317695 0.4648975729942322 19249
1623444354249 0.4500267505645752 19299
1623444390770 0.35295385122299194 19349
1623444427313 0.4146946668624878 19399
1623444463829 0.4278792142868042 19449
1623444500458 0.4140813648700714 19499
1623444536831 0.4210042357444763 19549
1623444573358 0.37653687596321106 19599
1623444609959 0.40536075830459595 19649
1623444646438 0.37954747676849365 19699
1623444682882 0.38181445002555847 19749
1623444719016 0.48550909757614136 19799
1623444755745 0.45157572627067566 19849
1623444792265 0.35902369022369385 19899
1623444925197 0.41574108600616455 14
1623444946847 0.32198089361190796 19949
1623444982235 0.4619935154914856 19999
1623445017888 0.4479500353336334 20049
1623445053890 0.417334645986557 20099
1623445089942 0.37349140644073486 20149
1623445126342 0.43751266598701477 20199
1623445162473 0.35900479555130005 20249
1623445199005 0.400506854057312 20299
1623445235075 0.42823654413223267 20349
1623445271017 0.502804160118103 20399
1623445307351 0.49364325404167175 20449
1623445342866 0.366260826587677 20499
1623445379301 0.3292938470840454 20549
1623445416075 0.4230036735534668 20599
1623445452975 0.32809412479400635 20649
1623445489645 0.45328137278556824 20699
1623445526277 0.31324467062950134 20749
1623445562450 0.43198665976524353 20799
1623445598930 0.45430296659469604 20849
1623445635580 0.45194971561431885 20899
1623445671848 0.3713371753692627 20949
1623445708211 0.4500679671764374 20999
1623445744487 0.362964391708374 21049
1623445780933 0.5445111989974976 21099
1623445817345 0.4765116572380066 21149
1623445853834 0.3950122594833374 21199
1623445888470 0.39610379934310913 21249
1623446006439 0.6116769909858704 15
1623446042693 0.4516359567642212 21299
1623446078292 0.36254891753196716 21349
1623446113980 0.40869659185409546 21399
1623446149726 0.43186137080192566 21449
1623446185733 0.39396607875823975 21499
1623446221796 0.41089707612991333 21549
1623446257796 0.499104380607605 21599
1623446294012 0.4107014834880829 21649
1623446329856 0.4411621689796448 21699
1623446366039 0.3840882480144501 21749
1623446402016 0.4240492582321167 21799
1623446438168 0.3020186126232147 21849
1623446474985 0.382047176361084 21899
1623446511694 0.4024517834186554 21949
1623446548165 0.38141143321990967 21999
1623446584537 0.4578510522842407 22049
1623446621265 0.3925495445728302 22099
1623446658006 0.4602106213569641 22149
1623446694568 0.37148165702819824 22199
1623446731149 0.36451056599617004 22249
1623446767780 0.3742603659629822 22299
1623446804660 0.36596208810806274 22349
1623446840907 0.39183706045150757 22399
1623446877423 0.5505362153053284 22449
1623446914233 0.4610084891319275 22499
1623446950812 0.4985491633415222 22549
1623447087516 0.5530603528022766 16
1623447103567 0.348724365234375 22599
1623447138836 0.32035309076309204 22649
1623447174801 0.3644159436225891 22699
1623447210567 0.48149651288986206 22749
1623447246703 0.4124111831188202 22799
1623447282787 0.3339749276638031 22849
1623447319004 0.47800469398498535 22899
1623447354939 0.378424733877182 22949
1623447390834 0.39249563217163086 22999
1623447427175 0.404914915561676 23049
1623447463058 0.3626645803451538 23099
1623447499186 0.4498368501663208 23149
1623447535092 0.4395967125892639 23199
1623447571765 0.43282759189605713 23249
1623447608422 0.5039963722229004 23299
1623447644881 0.4193316102027893 23349
1623447681177 0.4230665862560272 23399
1623447717852 0.34515005350112915 23449
1623447754305 0.43501514196395874 23499
1623447791039 0.38085904717445374 23549
1623447827488 0.47548431158065796 23599
1623447863917 0.4930400252342224 23649
1623447900626 0.46133455634117126 23699
1623447937487 0.3946615159511566 23749
1623447973723 0.45380038022994995 23799
1623448010391 0.4300830066204071 23849
1623448045980 0.4136733412742615 23899
1623448168010 0.3949933350086212 17
1623448198665 0.3646294176578522 23949
1623448234156 0.31122153997421265 23999
1623448269883 0.3492980897426605 24049
1623448305757 0.38902539014816284 24099
1623448341698 0.45429572463035583 24149
1623448377979 0.45809173583984375 24199
1623448413973 0.4015432596206665 24249
1623448449944 0.407437801361084 24299
1623448486112 0.4748570919036865 24349
1623448522378 0.41186970472335815 24399
1623448558350 0.35151445865631104 24449
1623448594561 0.522534966468811 24499
1623448631279 0.4009803831577301 24549
1623448667751 0.4619264602661133 24599
1623448704349 0.33387720584869385 24649
1623448740845 0.3618665337562561 24699
1623448777557 0.4587288200855255 24749
1623448814177 0.3862215280532837 24799
1623448850895 0.4645199179649353 24849
1623448887534 0.3319780230522156 24899
1623448924266 0.4023936986923218 24949
1623448960976 0.46174153685569763 24999
1623448997682 0.35054147243499756 25049
1623449033547 0.3712600767612457 25099
1623449070270 0.36808913946151733 25149
1623449106734 0.48512911796569824 25199
1623449140107 0.4013633728027344 25249
1623449246947 0.2690896689891815 18
1623449292282 0.4512118101119995 25299
1623449327841 0.3712558150291443 25349
1623449363529 0.35897186398506165 25399
1623449399357 0.3589957356452942 25449
1623449435258 0.40567630529403687 25499
1623449471330 0.3989741802215576 25549
1623449507344 0.3867424726486206 25599
1623449543555 0.35561102628707886 25649
1623449579641 0.5559022426605225 25699
1623449615572 0.3205445110797882 25749
1623449651601 0.44239771366119385 25799
1623449687938 0.4346594214439392 25849
1623449724524 0.4307746887207031 25899
1623449761117 0.42092305421829224 25949
1623449797693 0.3821791410446167 25999
1623449834128 0.41383635997772217 26049
1623449870826 0.47311586141586304 26099
1623449907338 0.48674124479293823 26149
1623449943963 0.3749207854270935 26199
1623449980590 0.34320348501205444 26249
1623450017459 0.36281847953796387 26299
1623450054087 0.44785434007644653 26349
1623450090729 0.42185062170028687 26399
1623450127153 0.3980051279067993 26449
1623450163758 0.4317012429237366 26499
1623450199703 0.4072287678718567 26549
1623450326550 0.45879560708999634 19
1623450351454 0.4603458046913147 26599
1623450386982 0.4314036965370178 26649
1623450422750 0.4444535970687866 26699
1623450458377 0.42259085178375244 26749
1623450494309 0.37419039011001587 26799
1623450530591 0.44503796100616455 26849
1623450566706 0.36771291494369507 26899
1623450602876 0.49624255299568176 26949
1623450638560 0.38550472259521484 26999
1623450674533 0.3599991202354431 27049
1623450710541 0.44646188616752625 27099
1623450746670 0.3792745769023895 27149
1623450782960 0.4755079746246338 27199
1623450819770 0.4216097593307495 27249
1623450856224 0.38298308849334717 27299
1623450892652 0.4289630651473999 27349
1623450929257 0.26762136816978455 27399
1623450965921 0.39251771569252014 27449
1623451002350 0.3316643238067627 27499
1623451038773 0.4222491383552551 27549
1623451075384 0.4089573919773102 27599
1623451111422 0.39302390813827515 27649
1623451148215 0.3910142183303833 27699
1623451184744 0.4199385344982147 27749
1623451221203 0.3867560029029846 27799
1623451257812 0.3569483458995819 27849
1623451292046 0.4207156300544739 27899
1623451408628 0.4577409327030182 20
1623451448216 0.3577558994293213 27949
1623451483886 0.34512439370155334 27999
1623451519843 0.45860686898231506 28049
1623451555770 0.47730380296707153 28099
1623451591704 0.4600817561149597 28149
1623451627823 0.4035179316997528 28199
1623451664083 0.4222320318222046 28249
1623451700322 0.38042938709259033 28299
1623451736325 0.38534772396087646 28349
1623451772497 0.4413503408432007 28399
1623451809022 0.4131462872028351 28449
1623451845386 0.35403376817703247 28499
1623451881921 0.36028432846069336 28549
1623451918172 0.4524502754211426 28599
1623451954855 0.3830854296684265 28649
1623451991301 0.4136393070220947 28699
1623452027711 0.30902886390686035 28749
1623452064300 0.37639275193214417 28799
1623452100733 0.4278483986854553 28849
1623452137451 0.4091510772705078 28899
1623452173687 0.44502556324005127 28949
1623452209843 0.4201517105102539 28999
1623452246041 0.39852696657180786 29049
1623452282202 0.3813224136829376 29099
1623452317993 0.4065816104412079 29149
1623452354276 0.3918340802192688 29199
1623452487426 0.4869011342525482 21
1623452506629 0.45843368768692017 29249
1623452541897 0.3424226641654968 29299
1623452577428 0.3283616900444031 29349
1623452613160 0.4604412615299225 29399
1623452649213 0.4080219268798828 29449
1623452685313 0.35219430923461914 29499
1623452721385 0.3856423795223236 29549
1623452757687 0.5124613642692566 29599
1623452793759 0.4282262325286865 29649
1623452829665 0.3872638940811157 29699
1623452865508 0.4033631682395935 29749
1623452901365 0.44949185848236084 29799
1623452937334 0.41543352603912354 29849
1623452973715 0.39186951518058777 29899
1623453010137 0.3084785044193268 29949
1623453046679 0.38632744550704956 29999
1623453083319 0.3857865333557129 30049
1623453119982 0.3855403661727905 30099
1623453156589 0.4271999001502991 30149
1623453193369 0.46842315793037415 30199
1623453229946 0.4226238429546356 30249
1623453266690 0.3592921793460846 30299
1623453303011 0.3870581388473511 30349
1623453339800 0.34050482511520386 30399
1623453376109 0.3703562021255493 30449
1623453412767 0.3178459703922272 30499
1623453447793 0.40563255548477173 30549
1623453562086 0.42852362990379333 22
1623453597089 0.4375580847263336 30599
1623453632791 0.4436848759651184 30649
1623453668757 0.40971535444259644 30699
1623453704619 0.4785521626472473 30749
1623453740668 0.4542221426963806 30799
1623453776850 0.4399399757385254 30849
1623453812892 0.4177536070346832 30899
1623453849014 0.3392375111579895 30949
1623453884730 0.4694973826408386 30999
1623453920188 0.45642539858818054 31049
1623453955953 0.3895016610622406 31099
1623453991916 0.40216606855392456 31149
1623454028282 0.3748876452445984 31199
1623454064896 0.3578459620475769 31249
1623454101696 0.3591562807559967 31299
1623454138278 0.4047021269798279 31349
1623454174998 0.3344350755214691 31399
1623454211653 0.398176372051239 31449
1623454248107 0.37879127264022827 31499
1623454284694 0.40759947896003723 31549
1623454321295 0.45449674129486084 31599
1623454357544 0.32846537232398987 31649
1623454394036 0.3598043918609619 31699
1623454430697 0.4267210364341736 31749
1623454467415 0.4527154862880707 31799
1623454504003 0.4080435633659363 31849
1623454640352 0.31149765849113464 23
1623454653835 0.42388486862182617 31899
1623454688979 0.3814004063606262 31949
1623454724591 0.475986510515213 31999
1623454760148 0.4484955966472626 32049
1623454796106 0.45976775884628296 32099
1623454832377 0.34516867995262146 32149
1623454868471 0.4105556607246399 32199
1623454904510 0.3680887520313263 32249
1623454940004 0.44569751620292664 32299
1623454976131 0.36383122205734253 32349
1623455012443 0.41285526752471924 32399
1623455048481 0.34197548031806946 32449
1623455084903 0.4043863117694855 32499
1623455121330 0.3850662112236023 32549
1623455157940 0.3601926863193512 32599
1623455194617 0.35574871301651 32649
1623455231167 0.39162901043891907 32699
1623455267665 0.39996808767318726 32749
1623455304029 0.3923451900482178 32799
1623455340697 0.36524850130081177 32849
1623455377247 0.4678518772125244 32899
1623455413722 0.42188191413879395 32949
1623455450355 0.42038002610206604 32999
1623455486895 0.4463679790496826 33049
1623455523236 0.3236177861690521 33099
1623455559969 0.4442184567451477 33149
1623455595671 0.46897029876708984 33199
1623455717578 0.33422645926475525 24
1623455746187 0.4693380296230316 33249
1623455781437 0.36477595567703247 33299
1623455817033 0.317646861076355 33349
1623455852987 0.43281251192092896 33399
1623455889198 0.41711199283599854 33449
1623455925564 0.3736391067504883 33499
1623455961768 0.36447542905807495 33549
1623455997870 0.40038564801216125 33599
1623456033800 0.3808978796005249 33649
1623456069922 0.3901907205581665 33699
1623456105922 0.33658167719841003 33749
1623456141673 0.36056339740753174 33799
1623456177919 0.3342289924621582 33849
1623456214274 0.34556424617767334 33899
1623456251107 0.39794862270355225 33949
1623456287676 0.4260776937007904 33999
1623456323912 0.46945104002952576 34049
1623456360617 0.38137882947921753 34099
1623456397171 0.38846492767333984 34149
1623456434003 0.3789990246295929 34199
1623456470839 0.35814368724823 34249
1623456507327 0.39071908593177795 34299
1623456543503 0.339341938495636 34349
1623456579964 0.39142048358917236 34399
1623456616203 0.3680788576602936 34449
1623456652876 0.29605868458747864 34499
1623456686744 0.31072190403938293 34549
1623456799005 0.21744020283222198 25
1623456842524 0.47242897748947144 34599
1623456878143 0.4389827251434326 34649
1623456913881 0.3991956114768982 34699
1623456949841 0.4119494557380676 34749
1623456986192 0.43252474069595337 34799
1623457022467 0.3173938989639282 34849
1623457058529 0.4360720217227936 34899
1623457094875 0.4214015305042267 34949
1623457131166 0.3350345492362976 34999
1623457167290 0.3857966661453247 35049
1623457203079 0.3793599605560303 35099
1623457239154 0.3450050950050354 35149
1623457275517 0.3646596670150757 35199
1623457312245 0.3532470762729645 35249
1623457349027 0.37040066719055176 35299
1623457385620 0.3656562566757202 35349
1623457422235 0.3371710181236267 35399
1623457458818 0.31357091665267944 35449
1623457495414 0.47622036933898926 35499
1623457532115 0.42098575830459595 35549
1623457568885 0.3601134717464447 35599
1623457605472 0.44449383020401 35649
1623457642113 0.3755631446838379 35699
1623457678873 0.3279905915260315 35749
1623457715209 0.3843879997730255 35799
1623457751715 0.34469568729400635 35849
1623457875025 0.3223075866699219 26
1623457898852 0.43434834480285645 35899
1623457934230 0.4482245445251465 35949
1623457970103 0.41062456369400024 35999
1623458006053 0.36165693402290344 36049
1623458041934 0.4004977345466614 36099
1623458078093 0.4222119450569153 36149
1623458114273 0.3767843246459961 36199
1623458150347 0.40073925256729126 36249
1623458186570 0.4533315598964691 36299
1623458222518 0.32830172777175903 36349
1623458258612 0.38000428676605225 36399
1623458294846 0.4259814918041229 36449
1623458331366 0.3425646424293518 36499
1623458368131 0.364661306142807 36549
1623458404628 0.3616470694541931 36599
1623458440943 0.37069767713546753 36649
1623458477350 0.47269004583358765 36699
1623458513789 0.3877125084400177 36749
1623458550644 0.32393577694892883 36799
1623458587013 0.33596906065940857 36849
1623458623358 0.4015958607196808 36899
1623458659850 0.3724939227104187 36949
1623458696611 0.4082774221897125 36999
1623458733567 0.38235124945640564 37049
1623458770283 0.3726855516433716 37099
1623458806903 0.5063731074333191 37149
1623458841432 0.3397320508956909 37199
1623458956111 0.4074697494506836 27
1623458993879 0.40374988317489624 37249
1623459029514 0.37512460350990295 37299
1623459065641 0.32366156578063965 37349
1623459101594 0.4526061713695526 37399
1623459137613 0.41367611289024353 37449
1623459173820 0.3700754642486572 37499
1623459210068 0.37323373556137085 37549
1623459245953 0.46129143238067627 37599
1623459281749 0.3954590857028961 37649
1623459317522 0.42661023139953613 37699
1623459353128 0.36389946937561035 37749
1623459389269 0.4457079768180847 37799
1623459425793 0.5144239068031311 37849
1623459462481 0.32061347365379333 37899
1623459499063 0.400123655796051 37949
1623459535733 0.3363027572631836 37999
1623459572221 0.4130624830722809 38049
1623459608916 0.36531132459640503 38099
1623459645427 0.5058075189590454 38149
1623459682114 0.36135333776474 38199
1623459718822 0.42047566175460815 38249
1623459755164 0.3989919424057007 38299
1623459791811 0.3509238362312317 38349
1623459828296 0.35692551732063293 38399
1623459864857 0.2644103467464447 38449
1623459901431 0.3581893742084503 38499
1623460030610 0.31203609704971313 28
1623460047953 0.403954416513443 38549
1623460083128 0.3497803211212158 38599
1623460118955 0.44325491786003113 38649
1623460154391 0.30713820457458496 38699
1623460190523 0.3625462055206299 38749
1623460226459 0.36284059286117554 38799
1623460262453 0.4169757068157196 38849
1623460298850 0.3401905298233032 38899
1623460334832 0.41835176944732666 38949
1623460370949 0.35378125309944153 38999
1623460406896 0.41065138578414917 39049
1623460442867 0.3911139667034149 39099
1623460479076 0.3802447021007538 39149
1623460515199 0.30602920055389404 39199
1623460551977 0.40484023094177246 39249
1623460588818 0.33057063817977905 39299
1623460625368 0.403523325920105 39349
1623460661942 0.367927610874176 39399
1623460698424 0.38795775175094604 39449
1623460734873 0.4077056050300598 39499
1623460771516 0.37493088841438293 39549
1623460807921 0.4834025800228119 39599
1623460844382 0.42600217461586 39649
1623460881046 0.425625205039978 39699
1623460917756 0.37373751401901245 39749
1623460954121 0.3377887010574341 39799
1623460989474 0.3719838857650757 39849
1623461111612 0.607216477394104 29
1623461143580 0.35164469480514526 39899
1623461178868 0.31782257556915283 39949
1623461214607 0.43266016244888306 39999
1623461250469 0.38506725430488586 40049
1623461286426 0.4033025801181793 40099
1623461322209 0.3362372815608978 40149
1623461358142 0.38837313652038574 40199
1623461393952 0.26798564195632935 40249
1623461429750 0.37874871492385864 40299
1623461465430 0.3831939697265625 40349
1623461501434 0.39596086740493774 40399
1623461537714 0.3752795457839966 40449
1623461574267 0.46958571672439575 40499
1623461611023 0.40867605805397034 40549
1623461647515 0.33718645572662354 40599
1623461684102 0.38482362031936646 40649
1623461721027 0.3382595479488373 40699
1623461757792 0.33741337060928345 40749
1623461794059 0.29897189140319824 40799
1623461830752 0.3339248597621918 40849
1623461867315 0.31179919838905334 40899
1623461904124 0.37333619594573975 40949
1623461940661 0.35683536529541016 40999
1623461977176 0.41390591859817505 41049
1623462013805 0.456693172454834 41099
1623462050506 0.4335084557533264 41149
1623462193321 0.41838616132736206 30
1623462203024 0.4144119620323181 41199
1623462239983 0.390403151512146 41249
1623462275638 0.361671507358551 41299
1623462311254 0.36067941784858704 41349
1623462347133 0.42183053493499756 41399
1623462383291 0.30031147599220276 41449
1623462419469 0.3872526288032532 41499
1623462455939 0.35605210065841675 41549
1623462491390 0.3883577585220337 41599
1623462526928 0.3173711597919464 41649
1623462562846 0.368547260761261 41699
1623462598431 0.36466264724731445 41749
1623462634411 0.42796728014945984 41799
1623462670939 0.35644039511680603 41849
1623462707318 0.34859174489974976 41899
1623462743903 0.3940582871437073 41949
1623462780523 0.4135943651199341 41999
1623462816960 0.2902289927005768 42049
1623462853637 0.4032437801361084 42099
1623462890277 0.458687424659729 42149
1623462926834 0.42595040798187256 42199
1623462963482 0.4057655930519104 42249
1623462999899 0.30956918001174927 42299
1623463036560 0.4375966489315033 42349
1623463073198 0.3754502534866333 42399
1623463109379 0.34741732478141785 42449
1623463145587 0.3284693956375122 42499
1623463275297 0.4697653651237488 31
1623463301776 0.303803026676178 42549
1623463336996 0.41882583498954773 42599
1623463372902 0.3627912998199463 42649
1623463409318 0.4274359941482544 42699
1623463445439 0.39824020862579346 42749
1623463481414 0.40041542053222656 42799
1623463517381 0.32955747842788696 42849
1623463553805 0.5038440823554993 42899
1623463590002 0.43554455041885376 42949
1623463626068 0.3250011205673218 42999
1623463662083 0.3692198395729065 43049
1623463697943 0.317202091217041 43099
1623463734390 0.4570040702819824 43149
1623463770891 0.418864905834198 43199
1623463807311 0.38663434982299805 43249
1623463844001 0.4340251684188843 43299
1623463880516 0.36487478017807007 43349
1623463917144 0.34631186723709106 43399
1623463953868 0.29475754499435425 43449
1623463990760 0.3755451440811157 43499
1623464027378 0.40961754322052 43549
1623464063741 0.4930228888988495 43599
1623464100334 0.31376832723617554 43649
1623464136957 0.35725048184394836 43699
1623464173362 0.4094548523426056 43749
1623464209774 0.3305329978466034 43799
1623464243763 0.3020121455192566 43849
1623464356757 0.14992612600326538 32
1623464398128 0.3439599573612213 43899
1623464433702 0.41352003812789917 43949
1623464469490 0.41316473484039307 43999
1623464505383 0.40278860926628113 44049
1623464541359 0.41077321767807007 44099
1623464577528 0.4541931748390198 44149
1623464613984 0.36704903841018677 44199
1623464650267 0.40525251626968384 44249
1623464686598 0.47062331438064575 44299
1623464723121 0.39756304025650024 44349
1623464759258 0.3972932696342468 44399
1623464795391 0.43536967039108276 44449
1623464832095 0.4128192067146301 44499
1623464868414 0.3348994851112366 44549
1623464905255 0.4311685562133789 44599
1623464941782 0.4593711495399475 44649
1623464978221 0.42585301399230957 44699
1623465014555 0.4574129581451416 44749
1623465051199 0.3864510655403137 44799
1623465087724 0.37501975893974304 44849
1623465124450 0.4172135591506958 44899
1623465161127 0.37261682748794556 44949
1623465197872 0.4956330358982086 44999
1623465234205 0.44044601917266846 45049
1623465270762 0.3528434932231903 45099
1623465307142 0.38613027334213257 45149
1623465440650 0.43484967947006226 33
1623465461843 0.32974523305892944 45199
1623465497079 0.3264068365097046 45249
1623465532665 0.4676269292831421 45299
1623465568652 0.2873200476169586 45349
1623465604703 0.4144837260246277 45399
1623465640564 0.4324266016483307 45449
1623465676676 0.3981233239173889 45499
1623465712958 0.3367171883583069 45549
1623465749108 0.3555801510810852 45599
1623465785367 0.2925994396209717 45649
1623465821631 0.4068150222301483 45699
1623465857772 0.36978644132614136 45749
1623465894091 0.34757453203201294 45799
1623465930688 0.3808218836784363 45849
1623465967245 0.3582419157028198 45899
1623466003872 0.32334810495376587 45949
1623466040604 0.3869524300098419 45999
1623466077297 0.34954747557640076 46049
1623466113671 0.27917033433914185 46099
1623466150185 0.5147213339805603 46149
1623466186907 0.3587883710861206 46199
1623466223328 0.4225614666938782 46249
1623466259943 0.3638485074043274 46299
1623466296462 0.4198014736175537 46349
1623466333217 0.32701462507247925 46399
1623466369846 0.322925865650177 46449
1623466404615 0.34115082025527954 46499
1623466517991 0.3974769115447998 34
1623466554228 0.3994351029396057 46549
1623466589596 0.351801335811615 46599
1623466625130 0.33209070563316345 46649
1623466660850 0.403457373380661 46699
1623466696819 0.2851034104824066 46749
1623466732861 0.37004363536834717 46799
1623466769321 0.32938116788864136 46849
1623466805397 0.40189123153686523 46899
1623466841696 0.46476641297340393 46949
1623466878079 0.46533066034317017 46999
1623466914228 0.33150699734687805 47049
1623466949832 0.363093763589859 47099
1623466986402 0.46891868114471436 47149
1623467022996 0.3545319437980652 47199
1623467059620 0.3147810101509094 47249
1623467096212 0.34236085414886475 47299
1623467132829 0.3357734978199005 47349
1623467169496 0.40549445152282715 47399
1623467205951 0.3129516839981079 47449
1623467242701 0.3180750608444214 47499
1623467279102 0.36043471097946167 47549
1623467315601 0.2880224585533142 47599
1623467352265 0.35642749071121216 47649
1623467389128 0.3267488479614258 47699
1623467425805 0.5901525616645813 47749
1623467462432 0.3800961971282959 47799
1623467597627 0.18927806615829468 35
1623467612833 0.33129310607910156 47849
1623467647968 0.35531505942344666 47899
1623467683955 0.2654414474964142 47949
1623467719851 0.38010871410369873 47999
1623467755930 0.2545583248138428 48049
1623467792077 0.3692154884338379 48099
1623467828449 0.3693445920944214 48149
1623467864694 0.29733380675315857 48199
1623467900731 0.34959733486175537 48249
1623467936626 0.35268521308898926 48299
1623467972731 0.3874620497226715 48349
1623468008814 0.4193853735923767 48399
1623468045161 0.35769814252853394 48449
1623468081429 0.283413827419281 48499
1623468118218 0.38145676255226135 48549
1623468154399 0.3899046778678894 48599
1623468191124 0.4210643172264099 48649
1623468227428 0.24097812175750732 48699
1623468264060 0.2403375506401062 48749
1623468300620 0.33347681164741516 48799
1623468337191 0.3772033452987671 48849
1623468373718 0.41354984045028687 48899
1623468410345 0.38101333379745483 48949
1623468446780 0.377149760723114 48999
1623468483349 0.3988077640533447 49049
1623468519757 0.4318976402282715 49099
1623468555363 0.3768177926540375 49149
1623468678575 0.41483306884765625 36
1623468708546 0.30054330825805664 49199
1623468744327 0.38327640295028687 49249
1623468780216 0.4333449900150299 49299
1623468816230 0.3732214570045471 49349
1623468852106 0.3719330430030823 49399
1623468888384 0.349673330783844 49449
1623468924492 0.4269116520881653 49499
1623468960756 0.4079313278198242 49549
1623468996782 0.38557103276252747 49599
1623469032521 0.3491576313972473 49649
1623469068485 0.40915876626968384 49699
1623469104582 0.3767302334308624 49749
1623469141195 0.40783581137657166 49799
1623469177752 0.38934680819511414 49849
1623469214361 0.2903611958026886 49899
1623469251161 0.4270693063735962 49949
1623469288046 0.3237001895904541 49999
1623469324769 0.3598809242248535 50049
1623469361369 0.4240369498729706 50099
1623469397956 0.349933385848999 50149
1623469434438 0.3417477607727051 50199
1623469470673 0.3816227614879608 50249
1623469507165 0.29991620779037476 50299
1623469543841 0.3819815516471863 50349
1623469580454 0.40938645601272583 50399
1623469617009 0.386989951133728 50449
1623469650585 0.26778215169906616 50499
1623469762132 0.25559282302856445 37
1623469808199 0.4286755919456482 50549
1623469843612 0.33401429653167725 50599
1623469879214 0.4060286283493042 50649
1623469915055 0.37175631523132324 50699
1623469951094 0.4562699496746063 50749
1623469987253 0.3070264458656311 50799
1623470023613 0.4719276428222656 50849
1623470059813 0.35612553358078003 50899
1623470095884 0.32583093643188477 50949
1623470131925 0.391446590423584 50999
1623470167971 0.38390904664993286 51049
1623470203972 0.360143780708313 51099
1623470240455 0.2853907346725464 51149
1623470277111 0.29607072472572327 51199
1623470313508 0.3511645793914795 51249
1623470350187 0.3527102470397949 51299
1623470386591 0.2956234812736511 51349
1623470423113 0.34607797861099243 51399
1623470459707 0.4698145091533661 51449
1623470496239 0.47570163011550903 51499
1623470532844 0.2952575087547302 51549
1623470569230 0.3556036949157715 51599
1623470605831 0.44669294357299805 51649
1623470642471 0.3703625798225403 51699
1623470679236 0.3650226593017578 51749
1623470715545 0.4435267448425293 51799
1623470847799 0.3489469289779663 38
1623470871877 0.3619292974472046 51849
1623470907316 0.33913660049438477 51899
1623470943097 0.3711670935153961 51949
1623470978943 0.4292123019695282 51999
1623471015111 0.4756852686405182 52049
1623471051000 0.3443080186843872 52099
1623471087167 0.3875731825828552 52149
1623471123213 0.3521503508090973 52199
1623471159322 0.33971667289733887 52249
1623471195405 0.3695161044597626 52299
1623471231185 0.39730191230773926 52349
1623471266903 0.34804531931877136 52399
1623471303232 0.37025558948516846 52449
1623471339925 0.31032150983810425 52499
1623471376611 0.34795305132865906 52549
1623471413343 0.3500956892967224 52599
1623471449811 0.4009123146533966 52649
1623471486324 0.4417457580566406 52699
1623471522699 0.28172916173934937 52749
1623471559074 0.30737513303756714 52799
1623471595605 0.442788302898407 52849
1623471632120 0.32735294103622437 52899
1623471668828 0.3557766079902649 52949
1623471705236 0.4187660217285156 52999
1623471741848 0.36331474781036377 53049
1623471778530 0.33164912462234497 53099
1623471812784 0.30473124980926514 53149
1623471935253 0.5927794575691223 39
1623471974265 0.4071195721626282 53199
1623472009687 0.27281996607780457 53249
1623472045278 0.34929466247558594 53299
1623472081168 0.3527868390083313 53349
1623472117115 0.4110301733016968 53399
1623472153322 0.32799196243286133 53449
1623472189627 0.2977440655231476 53499
1623472225904 0.3489733934402466 53549
1623472261793 0.4602509140968323 53599
1623472297925 0.3853093385696411 53649
1623472333941 0.37192267179489136 53699
1623472370231 0.26417675614356995 53749
1623472406758 0.4371846318244934 53799
1623472443311 0.44112247228622437 53849
1623472479875 0.3209662437438965 53899
1623472516265 0.3275255560874939 53949
1623472552632 0.3392502963542938 53999
1623472589176 0.2946207821369171 54049
1623472625616 0.4276072382926941 54099
1623472661971 0.36672669649124146 54149
1623472698389 0.35181230306625366 54199
1623472734955 0.35512757301330566 54249
1623472771328 0.2758592963218689 54299
1623472807691 0.3656155467033386 54349
1623472844393 0.31382712721824646 54399
1623472880695 0.2807480990886688 54449
1623473020684 0.22408834099769592 40
1623473040865 0.3832300305366516 54499
1623473076521 0.3640403151512146 54549
1623473112133 0.42154356837272644 54599
1623473148016 0.4375506341457367 54649
1623473183958 0.3292842209339142 54699
1623473220123 0.4047556519508362 54749
1623473256496 0.4342036843299866 54799
1623473292104 0.40909066796302795 54849
1623473328284 0.31620633602142334 54899
1623473364344 0.2984621226787567 54949
1623473400658 0.2586808204650879 54999
1623473436684 0.3639069199562073 55049
1623473473150 0.4245707392692566 55099
1623473509704 0.3479124903678894 55149
1623473546557 0.3690451383590698 55199
1623473582965 0.35195451974868774 55249
1623473619630 0.3139955997467041 55299
1623473656173 0.4255821108818054 55349
1623473692753 0.36854082345962524 55399
1623473729349 0.3638423979282379 55449
1623473765983 0.35460230708122253 55499
1623473802785 0.3464345335960388 55549
1623473839149 0.38096749782562256 55599
1623473875700 0.3236473500728607 55649
1623473912269 0.37879031896591187 55699
1623473948916 0.47211864590644836 55749
1623473984004 0.3873896896839142 55799
1623474108153 0.5569317936897278 41
1623474143326 0.2966383695602417 55849
1623474179291 0.3672686815261841 55899
1623474215396 0.3504078686237335 55949
1623474251518 0.41046398878097534 55999
1623474287492 0.22089354693889618 56049
1623474323779 0.37919819355010986 56099
1623474359963 0.4102919101715088 56149
1623474395966 0.40794897079467773 56199
1623474431850 0.3344368040561676 56249
1623474468012 0.3655124604701996 56299
1623474504191 0.30271148681640625 56349
1623474540380 0.271581768989563 56399
1623474577089 0.33714884519577026 56449
1623474613226 0.3418985605239868 56499
1623474649812 0.4080102741718292 56549
1623474686574 0.3517642319202423 56599
1623474722894 0.3568342626094818 56649
1623474759669 0.38087964057922363 56699
1623474796220 0.3952241539955139 56749
1623474832638 0.4101349711418152 56799
1623474869125 0.40791311860084534 56849
1623474905656 0.44394347071647644 56899
1623474942370 0.3121206760406494 56949
1623474978986 0.31839072704315186 56999
1623475015583 0.28537076711654663 57049
1623475051938 0.333562970161438 57099
1623475192014 0.48839086294174194 42
1623475206976 0.39355939626693726 57149
1623475242872 0.3718700706958771 57199
1623475278560 0.27916279435157776 57249
1623475314544 0.39403367042541504 57299
1623475350722 0.36214059591293335 57349
1623475387059 0.33691638708114624 57399
1623475423007 0.3668009042739868 57449
1623475459182 0.38100194931030273 57499
1623475495158 0.42584550380706787 57549
1623475531317 0.3408416211605072 57599
1623475567647 0.37656426429748535 57649
1623475603707 0.4541356861591339 57699
1623475640252 0.352009654045105 57749
1623475676698 0.3554709553718567 57799
1623475713040 0.4141896963119507 57849
1623475749279 0.37418389320373535 57899
1623475785769 0.4060571789741516 57949
1623475821625 0.24651171267032623 57999
1623475857697 0.2548098564147949 58049
1623475893932 0.36216971278190613 58099
1623475930088 0.3939332962036133 58149
1623475966689 0.33930593729019165 58199
1623476013114 0.38884976506233215 58249
1623476049720 0.3981493413448334 58299
1623476104186 0.33833855390548706 58349
1623476140955 0.38722461462020874 58399
1623476184263 0.30571022629737854 58449
1623476307153 0.5315712690353394 43
1623476336338 0.39294180274009705 58499
1623476371838 0.37598955631256104 58549
1623476407404 0.3269152343273163 58599
1623476443076 0.32488518953323364 58649
1623476478964 0.45620372891426086 58699
1623476515141 0.3346399962902069 58749
1623476551215 0.4310075044631958 58799
1623476587387 0.3856460452079773 58849
1623476623548 0.36991366744041443 58899
1623476659742 0.4152197539806366 58949
1623476695807 0.409099817276001 58999
1623476731962 0.2987178564071655 59049
1623476768780 0.3348503112792969 59099
1623476805209 0.3267974853515625 59149
1623476841721 0.2901373505592346 59199
1623476878105 0.3841785192489624 59249
1623476914608 0.3472234010696411 59299
1623476951196 0.37383371591567993 59349
1623476987686 0.35994163155555725 59399
1623477024110 0.3270232081413269 59449
1623477060714 0.3699853718280792 59499
1623477097034 0.3724510371685028 59549
1623477133890 0.2982497215270996 59599
1623477170206 0.34598466753959656 59649
1623477206115 0.427632212638855 59699
1623477242210 0.25943702459335327 59749
1623477276105 0.43110203742980957 59799
1623477386890 0.4684309661388397 44
1623477430723 0.334714412689209 59849
1623477466353 0.2885333299636841 59899
1623477502262 0.373971164226532 59949
1623477538340 0.293717622756958 59999
1623477574505 0.35310712456703186 60049
1623477610651 0.2959437370300293 60099
1623477646870 0.30485546588897705 60149
1623477683016 0.34052127599716187 60199
1623477719218 0.4453734755516052 60249
1623477755318 0.31391453742980957 60299
1623477791639 0.3296562731266022 60349
1623477828082 0.33973750472068787 60399
1623477865008 0.2710604965686798 60449
1623477901804 0.359748899936676 60499
1623477938515 0.3694589138031006 60549
1623477975247 0.28565293550491333 60599
1623478011715 0.36864691972732544 60649
1623478048239 0.38951411843299866 60699
1623478084800 0.30449768900871277 60749
1623478121165 0.3642893433570862 60799
1623478157720 0.3006349205970764 60849
1623478194025 0.3215048909187317 60899
1623478230560 0.37961477041244507 60949
1623478267014 0.4222365915775299 60999
1623478303627 0.3599633276462555 61049
1623478340350 0.330203652381897 61099
1623478471939 0.324625700712204 45
1623478495649 0.39076149463653564 61149
1623478531222 0.2917044162750244 61199
1623478566603 0.4529976546764374 61249
1623478602225 0.34291303157806396 61299
1623478638155 0.3501497805118561 61349
1623478674264 0.36894935369491577 61399
1623478710306 0.38125887513160706 61449
1623478746435 0.40157511830329895 61499
1623478782368 0.32158535718917847 61549
1623478818343 0.35457563400268555 61599
1623478854674 0.29411667585372925 61649
1623478890714 0.41434425115585327 61699
1623478927066 0.3233303427696228 61749
1623478963610 0.4371378421783447 61799
1623478999895 0.4181370139122009 61849
1623479036547 0.28146758675575256 61899
1623479072715 0.3539409637451172 61949
1623479109298 0.35754647850990295 61999
1623479146017 0.39272451400756836 62049
1623479182584 0.41924548149108887 62099
1623479219219 0.34624001383781433 62149
1623479255793 0.37836188077926636 62199
1623479292102 0.277869313955307 62249
1623479328937 0.3256440758705139 62299
1623479365717 0.3465414047241211 62349
1623479402247 0.3946424722671509 62399
1623479437096 0.31446486711502075 62449
1623479557460 0.47550326585769653 46
1623479595250 0.3611484169960022 62499
1623479630583 0.33195728063583374 62549
1623479666042 0.39396101236343384 62599
1623479701849 0.41417115926742554 62649
1623479737886 0.3300721049308777 62699
1623479774013 0.3274547755718231 62749
1623479810312 0.39104846119880676 62799
1623479846580 0.4730508327484131 62849
1623479882720 0.3143656849861145 62899
1623479919002 0.38990598917007446 62949
1623479955056 0.288975328207016 62999
1623479991197 0.3150067925453186 63049
1623480027824 0.3329806327819824 63099
1623480064293 0.3395470678806305 63149
1623480100854 0.34078770875930786 63199
1623480137516 0.2536068558692932 63249
1623480174375 0.31281062960624695 63299
1623480211140 0.3583797514438629 63349
1623480247659 0.3652176856994629 63399
1623480283855 0.3254595994949341 63449
1623480320670 0.3110642433166504 63499
1623480357110 0.3557145595550537 63549
1623480393778 0.38670676946640015 63599
1623480430212 0.3463624119758606 63649
1623480466644 0.35662537813186646 63699
1623480503164 0.3707418441772461 63749
1623480644543 0.4627329707145691 47
1623480660796 0.40885016322135925 63799
1623480696004 0.3821074366569519 63849
1623480731361 0.33370596170425415 63899
1623480767057 0.2960522770881653 63949
1623480802752 0.33165231347084045 63999
1623480838961 0.4230080544948578 64049
1623480875069 0.33259761333465576 64099
1623480911257 0.29075831174850464 64149
1623480947391 0.472756564617157 64199
1623480983376 0.3623715043067932 64249
1623481019580 0.33637648820877075 64299
1623481055673 0.4491957426071167 64349
1623481092251 0.30514878034591675 64399
1623481128824 0.36875638365745544 64449
1623481165533 0.3724358081817627 64499
1623481202199 0.3700862526893616 64549
1623481238844 0.3721126914024353 64599
1623481275506 0.3646867275238037 64649
1623481311876 0.3218042850494385 64699
1623481348504 0.4224359393119812 64749
1623481385256 0.3264525234699249 64799
1623481421610 0.4408900737762451 64849
1623481458410 0.2966781258583069 64899
1623481495106 0.43944066762924194 64949
1623481531360 0.33700138330459595 64999
1623481567804 0.3573048710823059 65049
1623481603211 0.35339123010635376 65099
1623481725553 0.5051390528678894 48
1623481758483 0.3980634808540344 65149
1623481794188 0.3390471339225769 65199
1623481830053 0.412067174911499 65249
1623481865971 0.4696570038795471 65299
1623481902005 0.2724763751029968 65349
1623481938049 0.3952741026878357 65399
1623481974518 0.3861214816570282 65449
1623482010707 0.3730301260948181 65499
1623482046500 0.3690755069255829 65549
1623482082586 0.3360027074813843 65599
1623482118905 0.3904659152030945 65649
1623482154997 0.3793570399284363 65699
1623482191682 0.3407357335090637 65749
1623482228265 0.3388349413871765 65799
1623482264722 0.31181126832962036 65849
1623482301398 0.37243518233299255 65899
1623482337918 0.4183046221733093 65949
1623482374300 0.44374266266822815 65999
1623482410413 0.4040773808956146 66049
1623482447110 0.34534165263175964 66099
1623482483480 0.3660890460014343 66149
1623482519143 0.2889486849308014 66199
1623482555574 0.38200703263282776 66249
1623482591875 0.3962000906467438 66299
1623482628591 0.3203642964363098 66349
1623482665171 0.36752474308013916 66399
1623482699551 0.33648252487182617 66449
1623482809245 0.33648252487182617 49
