1623429720549 0.6754699945449829 1328
1623429830054 0.6754699945449829 0
1623430798062 0.6101446747779846 2657
1623430906826 0.6101446747779846 1
1623431875948 0.561357855796814 3986
1623431984813 0.561357855796814 2
1623432950948 0.5210464596748352 5315
1623433059655 0.5210464596748352 3
1623434027410 0.4905323386192322 6644
1623434133926 0.4905323386192322 4
1623435104993 0.47332096099853516 7973
1623435211974 0.47332096099853516 5
1623436182679 0.45696231722831726 9302
1623436291360 0.45696231722831726 6
1623437262887 0.4511049687862396 10631
1623437370073 0.4511049687862396 7
1623438346246 0.44103631377220154 11960
1623438456358 0.44103631377220154 8
1623439431522 0.4341300129890442 13289
1623439537863 0.4341300129890442 9
1623440508964 0.42911815643310547 14618
1623440610485 0.42911815643310547 10
1623441583082 0.42509233951568604 15947
1623441690154 0.42509233951568604 11
1623442663496 0.42052361369132996 17276
1623442766211 0.42052361369132996 12
1623443736148 0.4206233322620392 18605
1623443843031 0.4206233322620392 13
1623444815870 0.4160621762275696 19934
1623444925197 0.4160621762275696 14
1623445898582 0.4120422303676605 21263
1623446006439 0.4120422303676605 15
1623446980295 0.4120672345161438 22592
1623447087516 0.4120672345161438 16
1623448061199 0.40802356600761414 23921
1623448168010 0.40802356600761414 17
1623449142066 0.4042011499404907 25250
1623449246947 0.4042011499404907 18
1623450220026 0.40165621042251587 26579
1623450326550 0.40165621042251587 19
1623451299057 0.39992719888687134 27908
1623451408628 0.39992719888687134 20
1623452379993 0.39892351627349854 29237
1623452487426 0.39892351627349854 21
1623453460094 0.39470118284225464 30566
1623453562086 0.39470118284225464 22
1623454535678 0.3945903182029724 31895
1623454640352 0.3945903182029724 23
1623455612807 0.3905147612094879 33224
1623455717578 0.3905147612094879 24
1623456690555 0.3909260928630829 34553
1623456799005 0.3909260928630829 25
1623457773961 0.388254314661026 35882
1623457875025 0.388254314661026 26
1623458850369 0.3849966526031494 37211
1623458956111 0.3849966526031494 27
1623459929514 0.3852892816066742 38540
1623460030610 0.3852892816066742 28
1623461003490 0.38141268491744995 39869
1623461111612 0.38141268491744995 29
1623462084382 0.3811732530593872 41198
1623462193321 0.3811732530593872 30
1623463164764 0.3770294189453125 42527
1623463275297 0.3770294189453125 31
1623464249495 0.3760678768157959 43856
1623464356757 0.3760678768157959 32
1623465331528 0.373261034488678 45185
1623465440650 0.373261034488678 33
1623466415453 0.3740522563457489 46514
1623466517991 0.3740522563457489 34
1623467492765 0.37132158875465393 47843
1623467597627 0.37132158875465393 35
1623468571422 0.3685676157474518 49172
1623468678575 0.3685676157474518 36
1623469653318 0.36824655532836914 50501
1623469762132 0.36824655532836914 37
1623470736537 0.3652092516422272 51830
1623470847799 0.3652092516422272 38
1623471820842 0.36389443278312683 53159
1623471935253 0.36389443278312683 39
1623472907347 0.3640267252922058 54488
1623473020684 0.3640267252922058 40
1623473996954 0.36520466208457947 55817
1623474108153 0.36520466208457947 41
1623475084730 0.3582335412502289 57146
1623475192014 0.3582335412502289 42
1623476202498 0.35981154441833496 58475
1623476307153 0.35981154441833496 43
1623477280894 0.3603506088256836 59804
1623477386890 0.3603506088256836 44
1623478363646 0.3585664927959442 61133
1623478471939 0.3585664927959442 45
1623479446906 0.3579217493534088 62462
1623479557460 0.3579217493534088 46
1623480532317 0.358100563287735 63791
1623480644543 0.358100563287735 47
1623481618395 0.3572181463241577 65120
1623481725553 0.3572181463241577 48
1623482699787 0.35711801052093506 66449
1623482809245 0.35711801052093506 49
