1623429830054 0.44763731956481934 0
1623430906826 0.5242987871170044 1
1623431984813 0.5475957989692688 2
1623433059655 0.8545514345169067 3
1623434133926 0.4449136257171631 4
1623435211974 0.22997549176216125 5
1623436291360 0.34276294708251953 6
1623437370073 0.2367808222770691 7
1623438456358 0.2152964174747467 8
1623439537863 0.734466552734375 9
1623440610485 0.5402665138244629 10
1623441690154 0.4840814173221588 11
1623442766211 0.295044869184494 12
1623443843031 0.3330479860305786 13
1623444925197 0.41574108600616455 14
1623446006439 0.6116769909858704 15
1623447087516 0.5530603528022766 16
1623448168010 0.3949933350086212 17
1623449246947 0.2690896689891815 18
1623450326550 0.45879560708999634 19
1623451408628 0.4577409327030182 20
1623452487426 0.4869011342525482 21
1623453562086 0.42852362990379333 22
1623454640352 0.31149765849113464 23
1623455717578 0.33422645926475525 24
1623456799005 0.21744020283222198 25
1623457875025 0.3223075866699219 26
1623458956111 0.4074697494506836 27
1623460030610 0.31203609704971313 28
1623461111612 0.607216477394104 29
1623462193321 0.41838616132736206 30
1623463275297 0.4697653651237488 31
1623464356757 0.14992612600326538 32
1623465440650 0.43484967947006226 33
1623466517991 0.3974769115447998 34
1623467597627 0.18927806615829468 35
1623468678575 0.41483306884765625 36
1623469762132 0.25559282302856445 37
1623470847799 0.3489469289779663 38
1623471935253 0.5927794575691223 39
1623473020684 0.22408834099769592 40
1623474108153 0.5569317936897278 41
1623475192014 0.48839086294174194 42
1623476307153 0.5315712690353394 43
1623477386890 0.4684309661388397 44
1623478471939 0.324625700712204 45
1623479557460 0.47550326585769653 46
1623480644543 0.4627329707145691 47
1623481725553 0.5051390528678894 48
1623482809245 0.33648252487182617 49
