1625177024543 0 49
1625177090551 0 99
1625177156328 0 149
1625177221757 0 199
1625177287452 0 249
1625177351297 0 299
1625177393483 0 332
1625177463104 0 332
1625177515226 1 349
1625177580124 1 399
1625177646169 1 449
1625177711601 1 499
1625177777160 1 549
1625177842948 1 599
1625177905905 1 649
1625177927064 1 665
1625177996690 1 665
1625178067895 2 699
1625178133639 2 749
1625178199908 2 799
1625178265395 2 849
1625178331662 2 899
1625178396392 2 949
1625178458704 2 998
1625178528373 2 998
1625178554852 3 999
1625178628864 3 1049
1625178694850 3 1099
1625178761105 3 1149
1625178826954 3 1199
1625178892941 3 1249
1625178956847 3 1299
1625178997915 3 1331
1625179067965 3 1331
1625179124238 4 1349
1625179189498 4 1399
1625179255120 4 1449
1625179321464 4 1499
1625179387751 4 1549
1625179453551 4 1599
1625179516362 4 1649
1625179536123 4 1664
1625179605319 4 1664
1625179679245 5 1699
1625179745218 5 1749
1625179811009 5 1799
1625179877429 5 1849
1625179943163 5 1899
1625180008169 5 1949
1625180069280 5 1997
1625180139326 5 1997
1625180167239 6 1999
1625180237230 6 2049
1625180302866 6 2099
1625180368340 6 2149
1625180434000 6 2199
1625180499767 6 2249
1625180563811 6 2299
1625180603830 6 2330
1625180673283 6 2330
1625180734732 7 2349
1625180800101 7 2399
1625180865068 7 2449
1625180930622 7 2499
1625180996598 7 2549
1625181062031 7 2599
1625181124750 7 2649
1625181143676 7 2663
1625181212099 7 2663
1625181286461 8 2699
1625181351455 8 2749
1625181417485 8 2799
1625181483061 8 2849
1625181548565 8 2899
1625181613283 8 2949
1625181673382 8 2996
1625181744104 8 2996
1625181772747 9 2999
1625181842214 9 3049
1625181907946 9 3099
1625181973749 9 3149
1625182039687 9 3199
1625182105518 9 3249
1625182169342 9 3299
1625182207962 9 3329
1625182276637 9 3329
1625182335875 10 3349
1625182401518 10 3399
1625182467391 10 3449
1625182533089 10 3499
1625182599256 10 3549
1625182664564 10 3599
1625182727204 10 3649
1625182744326 10 3662
1625182811096 10 3662
1625182891242 11 3699
1625182956850 11 3749
1625183021947 11 3799
1625183087709 11 3849
1625183153639 11 3899
1625183218625 11 3949
1625183277147 11 3995
1625183346244 11 3995
1625183375526 12 3999
1625183443935 12 4049
1625183510038 12 4099
1625183575515 12 4149
1625183641110 12 4199
1625183707580 12 4249
1625183771017 12 4299
1625183808232 12 4328
1625183875462 12 4328
1625183934642 13 4349
1625183999505 13 4399
1625184066782 13 4449
1625184132241 13 4499
1625184197683 13 4549
1625184263323 13 4599
1625184325944 13 4649
1625184341187 13 4661
1625184404763 13 4661
1625184485235 14 4699
1625184551014 14 4749
1625184616305 14 4799
1625184682465 14 4849
1625184748056 14 4899
1625184812169 14 4949
1625184869162 14 4994
1625184937623 14 4994
1625184965275 15 4999
1625185035285 15 5049
1625185100442 15 5099
1625185166424 15 5149
1625185231728 15 5199
1625185297336 15 5249
1625185361066 15 5299
1625185396809 15 5327
1625185462980 15 5327
1625185517093 16 5349
1625185584609 16 5399
1625185650433 16 5449
1625185716225 16 5499
1625185781625 16 5549
1625185847777 16 5599
1625185910377 16 5649
1625185924951 16 5660
1625185993221 16 5660
1625186073005 17 5699
1625186138640 17 5749
1625186204266 17 5799
1625186269638 17 5849
1625186335513 17 5899
1625186400016 17 5949
1625186456122 17 5993
1625186522488 17 5993
1625186558142 18 5999
1625186626737 18 6049
1625186692255 18 6099
1625186758142 18 6149
1625186823749 18 6199
1625186889700 18 6249
1625186953171 18 6299
1625186987796 18 6326
1625187057196 18 6326
1625187112850 19 6349
1625187178169 19 6399
1625187243753 19 6449
1625187310204 19 6499
1625187375589 19 6549
1625187441391 19 6599
1625187504012 19 6649
1625187517362 19 6659
1625187588134 19 6659
1625187671689 20 6699
1625187737437 20 6749
1625187803940 20 6799
1625187870364 20 6849
1625187935875 20 6899
1625188000438 20 6949
1625188055168 20 6992
1625188122040 20 6992
1625188152463 21 6999
1625188225218 21 7049
1625188291250 21 7099
1625188356547 21 7149
1625188422771 21 7199
1625188489134 21 7249
1625188552983 21 7299
1625188586648 21 7325
1625188654088 21 7325
1625188717023 22 7349
1625188782081 22 7399
1625188848169 22 7449
1625188913672 22 7499
1625188978822 22 7549
1625189045370 22 7599
1625189108008 22 7649
1625189120149 22 7658
1625189189012 22 7658
1625189268750 23 7699
1625189334592 23 7749
1625189400814 23 7799
1625189466797 23 7849
1625189532137 23 7899
1625189596779 23 7949
1625189649726 23 7991
1625189717403 23 7991
1625189757671 24 7999
1625189822614 24 8049
1625189888330 24 8099
1625189953274 24 8149
1625190018425 24 8199
1625190083447 24 8249
1625190147060 24 8299
1625190179179 24 8324
1625190247218 24 8324
1625190309173 25 8349
1625190375329 25 8399
1625190440578 25 8449
1625190506949 25 8499
1625190572538 25 8549
1625190638078 25 8599
1625190700730 25 8649
1625190711126 25 8657
1625190777289 25 8657
1625190862646 26 8699
1625190928655 26 8749
1625190994138 26 8799
1625191059893 26 8849
1625191125917 26 8899
1625191190099 26 8949
1625191242246 26 8990
1625191312614 26 8990
1625191351954 27 8999
1625191421829 27 9049
1625191487483 27 9099
1625191553987 27 9149
1625191619791 27 9199
1625191685739 27 9249
1625191748983 27 9299
1625191779937 27 9323
1625191847398 27 9323
1625191910256 28 9349
1625191975696 28 9399
1625192041308 28 9449
1625192106876 28 9499
1625192172453 28 9549
1625192237487 28 9599
1625192300123 28 9649
1625192309795 28 9656
1625192381059 28 9656
1625192470012 29 9699
1625192534880 29 9749
1625192600355 29 9799
1625192665740 29 9849
1625192730976 29 9899
1625192795037 29 9949
1625192846772 29 9989
1625192919675 29 9989
1625192957929 30 9999
1625193027999 30 10049
1625193093720 30 10099
1625193159014 30 10149
1625193224676 30 10199
1625193290357 30 10249
1625193353781 30 10299
1625193383844 30 10322
1625193454840 30 10322
1625193519758 31 10349
1625193585507 31 10399
1625193651112 31 10449
1625193717710 31 10499
1625193783739 31 10549
1625193848700 31 10599
1625193911387 31 10649
1625193920157 31 10655
1625193987647 31 10655
1625194076022 32 10699
1625194141969 32 10749
1625194207878 32 10799
1625194273683 32 10849
1625194338914 32 10899
1625194403245 32 10949
1625194452854 32 10988
1625194518446 32 10988
1625194562642 33 10999
1625194628373 33 11049
1625194694117 33 11099
1625194759459 33 11149
1625194824813 33 11199
1625194889695 33 11249
1625194953120 33 11299
1625194981466 33 11321
1625195050464 33 11321
1625195120108 34 11349
1625195185345 34 11399
1625195251009 34 11449
1625195316435 34 11499
1625195382687 34 11549
1625195447590 34 11599
1625195510212 34 11649
1625195517280 34 11654
1625195585901 34 11654
1625195676891 35 11699
1625195741944 35 11749
1625195807850 35 11799
1625195873418 35 11849
1625195938879 35 11899
1625196002879 35 11949
1625196051492 35 11987
1625196120165 35 11987
1625196167821 36 11999
1625196232234 36 12049
1625196297827 36 12099
1625196363036 36 12149
1625196428852 36 12199
1625196494387 36 12249
1625196557554 36 12299
1625196584650 36 12320
1625196653834 36 12320
1625196721587 37 12349
1625196788148 37 12399
1625196854003 37 12449
1625196919655 37 12499
1625196985627 37 12549
1625197051422 37 12599
1625197114115 37 12649
1625197120039 37 12653
1625197186145 37 12653
1625197278837 38 12699
1625197345595 38 12749
1625197411605 38 12799
1625197477205 38 12849
1625197543431 38 12899
1625197607465 38 12949
1625197655024 38 12986
1625197727290 38 12986
1625197777658 39 12999
1625197842602 39 13049
1625197908406 39 13099
1625197973921 39 13149
1625198039866 39 13199
1625198104593 39 13249
1625198167926 39 13299
1625198193926 39 13319
1625198263647 39 13319
1625198335109 40 13349
1625198400678 40 13399
1625198466477 40 13449
1625198532053 40 13499
1625198597666 40 13549
1625198662657 40 13599
1625198725299 40 13649
1625198729928 40 13652
1625198798793 40 13652
1625198889684 41 13699
1625198956351 41 13749
1625199022551 41 13799
1625199088243 41 13849
1625199154610 41 13899
1625199218584 41 13949
1625199264735 41 13985
1625199337004 41 13985
1625199384942 42 13999
1625199450434 42 14049
1625199516144 42 14099
1625199581203 42 14149
1625199646829 42 14199
1625199712949 42 14249
1625199775949 42 14299
1625199800424 42 14318
1625199866523 42 14318
