1625176926666 0.001 0
1625177463110 0.0009990133642141358 333
1625177996696 0.000996057350657239 666
1625178528379 0.0009911436253643444 999
1625179067971 0.0009842915805643156 1332
1625179605325 0.0009755282581475769 1665
1625180139332 0.0009648882429441258 1998
1625180673289 0.0009524135262330099 2331
1625181212104 0.0009381533400219318 2664
1625181744110 0.0009221639627510075 2997
1625182276643 0.0009045084971874736 3330
1625182811102 0.0008852566213878945 3663
1625183346250 0.0008644843137107056 3996
1625183875467 0.0008422735529643443 4329
1625184404769 0.0008187119948743448 4662
1625184937629 0.0007938926261462366 4995
1625185462986 0.0007679133974894982 5328
1625185993227 0.0007408768370508576 5661
1625186522494 0.0007128896457825362 5994
1625187057202 0.0006840622763423389 6327
1625187588140 0.0006545084971874735 6660
1625188122046 0.0006243449435824271 6993
1625188654094 0.0005936906572928622 7326
1625189189049 0.000562666616782152 7659
1625189717409 0.0005313952597646566 7992
1625190247224 0.0004999999999999998 8325
1625190777295 0.00046860474023534314 8658
1625191312632 0.00043733338321784774 8991
1625191847403 0.00040630934270713756 9324
1625192381077 0.00037565505641757246 9657
1625192919694 0.00034549150281252633 9990
1625193454861 0.00031593772365766105 10323
1625193987672 0.00028711035421746355 10656
1625194518451 0.0002591231629491422 10989
1625195050470 0.00023208660251050145 11322
1625195585919 0.00020610737385376337 11655
1625196120171 0.00018128800512565502 11988
1625196653840 0.00015772644703565555 12321
1625197186157 0.00013551568628929425 12654
1625197727306 0.00011474337861210535 12987
1625198263653 9.549150281252626e-05 13320
1625198798799 7.783603724899252e-05 13653
1625199337010 6.184665997806817e-05 13986
