1625177393483 0.4203658103942871 332
1625177462956 0.4203658103942871 0
1625177927064 0.3417019844055176 665
1625177996574 0.3417019844055176 1
1625178458704 0.32160359621047974 998
1625178528313 0.32160359621047974 2
1625178997915 0.3208024501800537 1331
1625179067914 0.3208024501800537 3
1625179536123 0.31412702798843384 1664
1625179605013 0.31412702798843384 4
1625180069280 0.3114841878414154 1997
1625180139240 0.3114841878414154 5
1625180603830 0.305970698595047 2330
1625180673241 0.305970698595047 6
1625181143676 0.30300045013427734 2663
1625181211981 0.30300045013427734 7
1625181673382 0.3031561076641083 2996
1625181744015 0.3031561076641083 8
1625182207962 0.30292293429374695 3329
1625182276440 0.30292293429374695 9
1625182744326 0.2981785237789154 3662
1625182811025 0.2981785237789154 10
1625183277147 0.29604047536849976 3995
1625183346125 0.29604047536849976 11
1625183808232 0.29779499769210815 4328
1625183875390 0.29779499769210815 12
1625184341187 0.29440394043922424 4661
1625184404704 0.29440394043922424 13
1625184869162 0.2936553657054901 4994
1625184937327 0.2936553657054901 14
1625185396809 0.2949839234352112 5327
1625185462886 0.2949839234352112 15
1625185924951 0.290728896856308 5660
1625185993125 0.290728896856308 16
1625186456122 0.2898538112640381 5993
1625186522437 0.2898538112640381 17
1625186987796 0.2879522740840912 6326
1625187057152 0.2879522740840912 18
1625187517362 0.2877529263496399 6659
1625187587891 0.2877529263496399 19
1625188055168 0.2829013466835022 6992
1625188121984 0.2829013466835022 20
1625188586648 0.28167077898979187 7325
1625188654037 0.28167077898979187 21
1625189120149 0.28431209921836853 7658
1625189188975 0.28431209921836853 22
1625189649726 0.28174540400505066 7991
1625189717345 0.28174540400505066 23
1625190179179 0.2825630307197571 8324
1625190246880 0.2825630307197571 24
1625190711126 0.28003960847854614 8657
1625190777231 0.28003960847854614 25
1625191242246 0.27902212738990784 8990
1625191312549 0.27902212738990784 26
1625191779937 0.2821010649204254 9323
1625191847243 0.2821010649204254 27
1625192309795 0.2784041464328766 9656
1625192380903 0.2784041464328766 28
1625192846772 0.27822524309158325 9989
1625192919346 0.27822524309158325 29
1625193383844 0.2753239870071411 10322
1625193454750 0.2753239870071411 30
1625193920157 0.27720949053764343 10655
1625193987580 0.27720949053764343 31
1625194452854 0.2741003930568695 10988
1625194518327 0.2741003930568695 32
1625194981466 0.27658748626708984 11321
1625195050389 0.27658748626708984 33
1625195517280 0.2724318206310272 11654
1625195585716 0.2724318206310272 34
1625196051492 0.27544689178466797 11987
1625196120090 0.27544689178466797 35
1625196584650 0.27338171005249023 12320
1625196653721 0.27338171005249023 36
1625197120039 0.26977506279945374 12653
1625197185983 0.26977506279945374 37
1625197655024 0.271772563457489 12986
1625197727168 0.271772563457489 38
1625198193926 0.27294430136680603 13319
1625198263419 0.27294430136680603 39
1625198729928 0.27358171343803406 13652
1625198798663 0.27358171343803406 40
1625199264735 0.27111494541168213 13985
1625199336938 0.27111494541168213 41
1625199800424 0.2735096216201782 14318
1625199866442 0.2735096216201782 42
