1625177462956 0.17753641307353973 0
1625177996574 0.31974339485168457 1
1625178528313 0.5148211717605591 2
1625179067914 1.0667884349822998 3
1625179605013 0.5927156209945679 4
1625180139240 0.7654649019241333 5
1625180673241 1.3725981712341309 6
1625181211981 0.8000012636184692 7
1625181744015 0.7212321758270264 8
1625182276440 0.5308288931846619 9
1625182811025 0.23350432515144348 10
1625183346125 0.3050803542137146 11
1625183875390 1.6205589771270752 12
1625184404704 0.6037915945053101 13
1625184937327 0.6775250434875488 14
1625185462886 0.6632225513458252 15
1625185993125 0.11223995685577393 16
1625186522437 2.313549280166626 17
1625187057152 2.3634819984436035 18
1625187587891 0.5711047649383545 19
1625188121984 0.2694263458251953 20
1625188654037 0.27596157789230347 21
1625189188975 0.4453416168689728 22
1625189717345 0.3760727643966675 23
1625190246880 0.16918393969535828 24
1625190777231 0.11430667340755463 25
1625191312549 0.2482408583164215 26
1625191847243 0.3776015639305115 27
1625192380903 0.9819696545600891 28
1625192919346 0.5174306035041809 29
1625193454750 0.28026628494262695 30
1625193987580 0.8819131851196289 31
1625194518327 0.8234406113624573 32
1625195050389 0.1911081075668335 33
1625195585716 0.33165740966796875 34
1625196120090 0.2778473496437073 35
1625196653721 0.8163905143737793 36
1625197185983 0.4862555265426636 37
1625197727168 0.35522574186325073 38
1625198263419 0.2506265342235565 39
1625198798663 0.42310863733291626 40
1625199336938 0.28094643354415894 41
1625199866442 0.5362273454666138 42
