1625177024543 0.5577716827392578 49
1625177090551 0.4153366684913635 99
1625177156328 0.37429022789001465 149
1625177221757 0.36247920989990234 199
1625177287452 0.30327755212783813 249
1625177351297 0.36362433433532715 299
1625177462956 0.17753641307353973 0
1625177515226 0.3456076979637146 349
1625177580124 0.33474504947662354 399
1625177646169 0.3008270859718323 449
1625177711601 0.32293447852134705 499
1625177777160 0.3135871887207031 549
1625177842948 0.3384050726890564 599
1625177905905 0.3284026086330414 649
1625177996574 0.31974339485168457 1
1625178067895 0.30804556608200073 699
1625178133639 0.3845791518688202 749
1625178199908 0.36637452244758606 799
1625178265395 0.2873968482017517 849
1625178331662 0.26248306035995483 899
1625178396392 0.31685787439346313 949
1625178528313 0.5148211717605591 2
1625178554852 0.31355494260787964 999
1625178628864 0.31604814529418945 1049
1625178694850 0.30601322650909424 1099
1625178761105 0.40875670313835144 1149
1625178826954 0.4258648753166199 1199
1625178892941 0.3865821063518524 1249
1625178956847 0.32122960686683655 1299
1625179067914 1.0667884349822998 3
1625179124238 0.32222068309783936 1349
1625179189498 0.31281575560569763 1399
1625179255120 0.3008928894996643 1449
1625179321464 0.316301167011261 1499
1625179387751 0.29318106174468994 1549
1625179453551 0.3332898020744324 1599
1625179516362 0.3256005644798279 1649
1625179605013 0.5927156209945679 4
1625179679245 0.33409467339515686 1699
1625179745218 0.34919053316116333 1749
1625179811009 0.28237587213516235 1799
1625179877429 0.31341618299484253 1849
1625179943163 0.3149847984313965 1899
1625180008169 0.2985340356826782 1949
1625180139240 0.7654649019241333 5
1625180167239 0.2813628911972046 1999
1625180237230 0.29050102829933167 2049
1625180302866 0.2854371666908264 2099
1625180368340 0.3222233057022095 2149
1625180434000 0.4009068012237549 2199
1625180499767 0.3207325339317322 2249
1625180563811 0.282527893781662 2299
1625180673241 1.3725981712341309 6
1625180734732 0.28170692920684814 2349
1625180800101 0.33203214406967163 2399
1625180865068 0.30020174384117126 2449
1625180930622 0.25035780668258667 2499
1625180996598 0.2726679742336273 2549
1625181062031 0.32584720849990845 2599
1625181124750 0.32376623153686523 2649
1625181211981 0.8000012636184692 7
1625181286461 0.2854703366756439 2699
1625181351455 0.33147990703582764 2749
1625181417485 0.2711668014526367 2799
1625181483061 0.3689744770526886 2849
1625181548565 0.2838975787162781 2899
1625181613283 0.2945254147052765 2949
1625181744015 0.7212321758270264 8
1625181772747 0.3163120746612549 2999
1625181842214 0.30125483870506287 3049
1625181907946 0.3123486638069153 3099
1625181973749 0.3171654939651489 3149
1625182039687 0.2928916811943054 3199
1625182105518 0.26183241605758667 3249
1625182169342 0.29234403371810913 3299
1625182276440 0.5308288931846619 9
1625182335875 0.2981414496898651 3349
1625182401518 0.3161369264125824 3399
1625182467391 0.30143147706985474 3449
1625182533089 0.2767094075679779 3499
1625182599256 0.2903710603713989 3549
1625182664564 0.31290769577026367 3599
1625182727204 0.3002496659755707 3649
1625182811025 0.23350432515144348 10
1625182891242 0.2753518521785736 3699
1625182956850 0.26011818647384644 3749
1625183021947 0.29855620861053467 3799
1625183087709 0.29115283489227295 3849
1625183153639 0.31960630416870117 3899
1625183218625 0.2720540761947632 3949
1625183346125 0.3050803542137146 11
1625183375526 0.32136136293411255 3999
1625183443935 0.3496425449848175 4049
1625183510038 0.2906496822834015 4099
1625183575515 0.2736745774745941 4149
1625183641110 0.317339688539505 4199
1625183707580 0.276706337928772 4249
1625183771017 0.2948361933231354 4299
1625183875390 1.6205589771270752 12
1625183934642 0.23615668714046478 4349
1625183999505 0.28199777007102966 4399
1625184066782 0.29515010118484497 4449
1625184132241 0.25621768832206726 4499
1625184197683 0.33426785469055176 4549
1625184263323 0.25309258699417114 4599
1625184325944 0.3082541525363922 4649
1625184404704 0.6037915945053101 13
1625184485235 0.2860589027404785 4699
1625184551014 0.31654882431030273 4749
1625184616305 0.26636767387390137 4799
1625184682465 0.2954694628715515 4849
1625184748056 0.27503448724746704 4899
1625184812169 0.3046104907989502 4949
1625184937327 0.6775250434875488 14
1625184965275 0.3057042062282562 4999
1625185035285 0.2534596920013428 5049
1625185100442 0.2942892909049988 5099
1625185166424 0.2916005849838257 5149
1625185231728 0.2935238480567932 5199
1625185297336 0.3120828866958618 5249
1625185361066 0.29559704661369324 5299
1625185462886 0.6632225513458252 15
1625185517093 0.3050575852394104 5349
1625185584609 0.2961139976978302 5399
1625185650433 0.34329214692115784 5449
1625185716225 0.33398711681365967 5499
1625185781625 0.2933973968029022 5549
1625185847777 0.2635890245437622 5599
1625185910377 0.29209262132644653 5649
1625185993125 0.11223995685577393 16
1625186073005 0.31075507402420044 5699
1625186138640 0.34293895959854126 5749
1625186204266 0.23943954706192017 5799
1625186269638 0.2832106947898865 5849
1625186335513 0.2959215044975281 5899
1625186400016 0.3529648780822754 5949
1625186522437 2.313549280166626 17
1625186558142 0.32482782006263733 5999
1625186626737 0.22896669805049896 6049
1625186692255 0.2774796187877655 6099
1625186758142 0.2662857174873352 6149
1625186823749 0.2812274396419525 6199
1625186889700 0.31831955909729004 6249
1625186953171 0.2907014787197113 6299
1625187057152 2.3634819984436035 18
1625187112850 0.2397674322128296 6349
1625187178169 0.33107900619506836 6399
1625187243753 0.30515044927597046 6449
1625187310204 0.2890685200691223 6499
1625187375589 0.30662816762924194 6549
1625187441391 0.2414388358592987 6599
1625187504012 0.271958589553833 6649
1625187587891 0.5711047649383545 19
1625187671689 0.29204243421554565 6699
1625187737437 0.2534211277961731 6749
1625187803940 0.3009716868400574 6799
1625187870364 0.280333936214447 6849
1625187935875 0.29359909892082214 6899
1625188000438 0.27242419123649597 6949
1625188121984 0.2694263458251953 20
1625188152463 0.2786368429660797 6999
1625188225218 0.2592200040817261 7049
1625188291250 0.2778482735157013 7099
1625188356547 0.28585636615753174 7149
1625188422771 0.25380516052246094 7199
1625188489134 0.2831568121910095 7249
1625188552983 0.2644757330417633 7299
1625188654037 0.27596157789230347 21
1625188717023 0.2619480490684509 7349
1625188782081 0.2709818482398987 7399
1625188848169 0.27996182441711426 7449
1625188913672 0.25841307640075684 7499
1625188978822 0.33134186267852783 7549
1625189045370 0.2910205125808716 7599
1625189108008 0.27999627590179443 7649
1625189188975 0.4453416168689728 22
1625189268750 0.2810506820678711 7699
1625189334592 0.3076717257499695 7749
1625189400814 0.28676170110702515 7799
1625189466797 0.26760318875312805 7849
1625189532137 0.2630242705345154 7899
1625189596779 0.2689524292945862 7949
1625189717345 0.3760727643966675 23
1625189757671 0.2833716869354248 7999
1625189822614 0.26849082112312317 8049
1625189888330 0.310774028301239 8099
1625189953274 0.27791744470596313 8149
1625190018425 0.2642567753791809 8199
1625190083447 0.3239564895629883 8249
1625190147060 0.27408915758132935 8299
1625190246880 0.16918393969535828 24
1625190309173 0.313263475894928 8349
1625190375329 0.26892608404159546 8399
1625190440578 0.21676279604434967 8449
1625190506949 0.2915816903114319 8499
1625190572538 0.2883870005607605 8549
1625190638078 0.33339858055114746 8599
1625190700730 0.30201682448387146 8649
1625190777231 0.11430667340755463 25
1625190862646 0.29433268308639526 8699
1625190928655 0.2541722059249878 8749
1625190994138 0.25932633876800537 8799
1625191059893 0.2666513919830322 8849
1625191125917 0.2421189844608307 8899
1625191190099 0.25967973470687866 8949
1625191312549 0.2482408583164215 26
1625191351954 0.2443021684885025 8999
1625191421829 0.2781389057636261 9049
1625191487483 0.31141263246536255 9099
1625191553987 0.22935877740383148 9149
1625191619791 0.27509695291519165 9199
1625191685739 0.2863592803478241 9249
1625191748983 0.2862824499607086 9299
1625191847243 0.3776015639305115 27
1625191910256 0.287513792514801 9349
1625191975696 0.31009358167648315 9399
1625192041308 0.30406859517097473 9449
1625192106876 0.24007003009319305 9499
1625192172453 0.2630295753479004 9549
1625192237487 0.3027963936328888 9599
1625192300123 0.2987765073776245 9649
1625192380903 0.9819696545600891 28
1625192470012 0.270609587430954 9699
1625192534880 0.2952876389026642 9749
1625192600355 0.24383851885795593 9799
1625192665740 0.25927722454071045 9849
1625192730976 0.28785470128059387 9899
1625192795037 0.2555721402168274 9949
1625192919346 0.5174306035041809 29
1625192957929 0.27710846066474915 9999
1625193027999 0.27393394708633423 10049
1625193093720 0.24524205923080444 10099
1625193159014 0.250501811504364 10149
1625193224676 0.33184531331062317 10199
1625193290357 0.22482486069202423 10249
1625193353781 0.27704405784606934 10299
1625193454750 0.28026628494262695 30
1625193519758 0.29835501313209534 10349
1625193585507 0.25509557127952576 10399
1625193651112 0.2776143252849579 10449
1625193717710 0.2968534827232361 10499
1625193783739 0.2734406590461731 10549
1625193848700 0.24160349369049072 10599
1625193911387 0.27671217918395996 10649
1625193987580 0.8819131851196289 31
1625194076022 0.28123289346694946 10699
1625194141969 0.2951677441596985 10749
1625194207878 0.2375592589378357 10799
1625194273683 0.3212631940841675 10849
1625194338914 0.26734060049057007 10899
1625194403245 0.24893054366111755 10949
1625194518327 0.8234406113624573 32
1625194562642 0.2779472768306732 10999
1625194628373 0.2562835216522217 11049
1625194694117 0.26772499084472656 11099
1625194759459 0.2258945107460022 11149
1625194824813 0.2664569020271301 11199
1625194889695 0.29894834756851196 11249
1625194953120 0.29083094000816345 11299
1625195050389 0.1911081075668335 33
1625195120108 0.3130979835987091 11349
1625195185345 0.2804379463195801 11399
1625195251009 0.3171902894973755 11449
1625195316435 0.2490299940109253 11499
1625195382687 0.26821041107177734 11549
1625195447590 0.23863893747329712 11599
1625195510212 0.27981287240982056 11649
1625195585716 0.33165740966796875 34
1625195676891 0.2392769753932953 11699
1625195741944 0.27583739161491394 11749
1625195807850 0.2600935995578766 11799
1625195873418 0.2912255525588989 11849
1625195938879 0.264580100774765 11899
1625196002879 0.2591742277145386 11949
1625196120090 0.2778473496437073 35
1625196167821 0.2529197335243225 11999
1625196232234 0.29722175002098083 12049
1625196297827 0.3112870454788208 12099
1625196363036 0.3206990361213684 12149
1625196428852 0.2971661686897278 12199
1625196494387 0.30706652998924255 12249
1625196557554 0.23812076449394226 12299
1625196653721 0.8163905143737793 36
1625196721587 0.32001829147338867 12349
1625196788148 0.27765214443206787 12399
1625196854003 0.26745760440826416 12449
1625196919655 0.2934510111808777 12499
1625196985627 0.2814455032348633 12549
1625197051422 0.2622368335723877 12599
1625197114115 0.2823628783226013 12649
1625197185983 0.4862555265426636 37
1625197278837 0.27205345034599304 12699
1625197345595 0.29912203550338745 12749
1625197411605 0.2803586721420288 12799
1625197477205 0.28823164105415344 12849
1625197543431 0.24922263622283936 12899
1625197607465 0.2815784215927124 12949
1625197727168 0.35522574186325073 38
1625197777658 0.28332704305648804 12999
1625197842602 0.2535010874271393 13049
1625197908406 0.25648564100265503 13099
1625197973921 0.3157818913459778 13149
1625198039866 0.28655263781547546 13199
1625198104593 0.24902328848838806 13249
1625198167926 0.2659458816051483 13299
1625198263419 0.2506265342235565 39
1625198335109 0.2639639377593994 13349
1625198400678 0.29005834460258484 13399
1625198466477 0.28279584646224976 13449
1625198532053 0.2757803797721863 13499
1625198597666 0.24214999377727509 13549
1625198662657 0.26588350534439087 13599
1625198725299 0.31723999977111816 13649
1625198798663 0.42310863733291626 40
1625198889684 0.26885390281677246 13699
1625198956351 0.2680794298648834 13749
1625199022551 0.2635767459869385 13799
1625199088243 0.2769201993942261 13849
1625199154610 0.2898375988006592 13899
1625199218584 0.2404792159795761 13949
1625199336938 0.28094643354415894 41
1625199384942 0.2871376872062683 13999
1625199450434 0.28616636991500854 14049
1625199516144 0.27228474617004395 14099
1625199581203 0.2655908465385437 14149
1625199646829 0.2800137400627136 14199
1625199712949 0.25249212980270386 14249
1625199775949 0.21385610103607178 14299
1625199866442 0.5362273454666138 42
