1625177013679 0 49
1625177065772 0 99
1625177117314 0 149
1625177167606 0 199
1625177218103 0 249
1625177266552 0 299
1625177297893 0 332
1625177354701 0 332
1625177394493 1 349
1625177453474 1 399
1625177505176 1 449
1625177556092 1 499
1625177607197 1 549
1625177657748 1 599
1625177704500 1 649
1625177720204 1 665
1625177776520 1 665
1625177849627 2 699
1625177900910 2 749
1625177952335 2 799
1625178004232 2 849
1625178055368 2 899
1625178105775 2 949
1625178152140 2 998
1625178209125 2 998
1625178232995 3 999
1625178292975 3 1049
1625178343773 3 1099
1625178394674 3 1149
1625178445394 3 1199
1625178497161 3 1249
1625178545614 3 1299
1625178576312 3 1331
1625178633627 3 1331
1625178682133 4 1349
1625178733843 4 1399
1625178785930 4 1449
1625178836758 4 1499
1625178887787 4 1549
1625178938525 4 1599
1625178984888 4 1649
1625178999808 4 1664
1625179056446 4 1664
1625179126788 5 1699
1625179178433 5 1749
1625179230189 5 1799
1625179281577 5 1849
1625179332044 5 1899
1625179381878 5 1949
1625179427429 5 1997
1625179482284 5 1997
1625179510531 6 1999
1625179566880 6 2049
1625179618330 6 2099
1625179670032 6 2149
1625179721523 6 2199
1625179773076 6 2249
1625179821246 6 2299
1625179851049 6 2330
1625179907036 6 2330
1625179955931 7 2349
1625180006816 7 2399
1625180057892 7 2449
1625180109335 7 2499
1625180161070 7 2549
1625180212903 7 2599
1625180259435 7 2649
1625180273271 7 2663
1625180329785 7 2663
1625180395999 8 2699
1625180446698 8 2749
1625180497376 8 2799
1625180548133 8 2849
1625180599274 8 2899
1625180648583 8 2949
1625180693539 8 2996
1625180753523 8 2996
1625180786524 9 2999
1625180842925 9 3049
1625180894706 9 3099
1625180945980 9 3149
1625180997073 9 3199
1625181047870 9 3249
1625181095883 9 3299
1625181124213 9 3329
1625181180173 9 3329
1625181227341 10 3349
1625181281404 10 3399
1625181333288 10 3449
1625181385172 10 3499
1625181435906 10 3549
1625181486525 10 3599
1625181532953 10 3649
1625181545909 10 3662
1625181603516 10 3662
1625181675401 11 3699
1625181726488 11 3749
1625181778177 11 3799
1625181830062 11 3849
1625181881853 11 3899
1625181932145 11 3949
1625181975287 11 3995
1625182026365 11 3995
1625182056700 12 3999
1625182112079 12 4049
1625182163791 12 4099
1625182215750 12 4149
1625182266957 12 4199
1625182319249 12 4249
1625182367436 12 4299
1625182395157 12 4328
1625182451575 12 4328
1625182503209 13 4349
1625182554016 13 4399
1625182606952 13 4449
1625182658830 13 4499
1625182711193 13 4549
1625182762364 13 4599
1625182808648 13 4649
1625182820721 13 4661
1625182876446 13 4661
1625182951058 14 4699
1625183002602 14 4749
1625183054008 14 4799
1625183105160 14 4849
1625183156483 14 4899
1625183205922 14 4949
1625183248683 14 4994
1625183306936 14 4994
1625183339291 15 4999
1625183394064 15 5049
1625183445925 15 5099
1625183497407 15 5149
1625183548611 15 5199
1625183599511 15 5249
1625183647530 15 5299
1625183674503 15 5327
1625183733514 15 5327
1625183791928 16 5349
1625183842823 16 5399
1625183894225 16 5449
1625183945521 16 5499
1625183996293 16 5549
1625184047513 16 5599
1625184093807 16 5649
1625184105096 16 5660
1625184163298 16 5660
1625184236790 17 5699
1625184288979 17 5749
1625184340904 17 5799
1625184392449 17 5849
1625184443754 17 5899
1625184492997 17 5949
1625184534855 17 5993
1625184596574 17 5993
1625184631966 18 5999
1625184688177 18 6049
1625184739753 18 6099
1625184791300 18 6149
1625184842416 18 6199
1625184893556 18 6249
1625184941554 18 6299
1625184967716 18 6326
1625185028296 18 6326
1625185086497 19 6349
1625185137507 19 6399
1625185189515 19 6449
1625185241404 19 6499
1625185292881 19 6549
1625185343443 19 6599
1625185389718 19 6649
1625185399632 19 6659
1625185457035 19 6659
1625185532246 20 6699
1625185582895 20 6749
1625185634043 20 6799
1625185684807 20 6849
1625185735115 20 6899
1625185783769 20 6949
1625185824436 20 6992
1625185880922 20 6992
1625185916748 21 6999
1625185974817 21 7049
1625186026122 21 7099
1625186077257 21 7149
1625186128273 21 7199
1625186179415 21 7249
1625186227414 21 7299
1625186252072 21 7325
1625186310264 21 7325
1625186369122 22 7349
1625186419640 22 7399
1625186470996 22 7449
1625186521678 22 7499
1625186572414 22 7549
1625186623043 22 7599
1625186669398 22 7649
1625186678671 22 7658
1625186737943 22 7658
1625186807902 23 7699
1625186859761 23 7749
1625186911794 23 7799
1625186963176 23 7849
1625187014035 23 7899
1625187063501 23 7949
1625187103948 23 7991
1625187162908 23 7991
1625187199112 24 7999
1625187259447 24 8049
1625187311682 24 8099
1625187363436 24 8149
1625187414997 24 8199
1625187466841 24 8249
1625187514445 24 8299
1625187538552 24 8324
1625187591256 24 8324
1625187642321 25 8349
1625187693158 25 8399
1625187745655 25 8449
1625187797417 25 8499
1625187850340 25 8549
1625187901987 25 8599
1625187948282 25 8649
1625187956717 25 8657
1625188015603 25 8657
1625188093189 26 8699
1625188144913 26 8749
1625188197407 26 8799
1625188249239 26 8849
1625188300824 26 8899
1625188349971 26 8949
1625188389068 26 8990
1625188445411 26 8990
1625188486082 27 8999
1625188541844 27 9049
1625188593719 27 9099
1625188645682 27 9149
1625188697619 27 9199
1625188748599 27 9249
1625188796248 27 9299
1625188819633 27 9323
1625188879460 27 9323
1625188938466 28 9349
1625188989315 28 9399
1625189043221 28 9449
1625189094088 28 9499
1625189145090 28 9549
1625189195804 28 9599
1625189242087 28 9649
1625189249283 28 9656
1625189301821 28 9656
1625189371549 29 9699
1625189423011 29 9749
1625189474284 29 9799
1625189525116 29 9849
1625189576459 29 9899
1625189625575 29 9949
1625189663468 29 9989
1625189721784 29 9989
1625189759599 30 9999
1625189817388 30 10049
1625189869067 30 10099
1625189920323 30 10149
1625189971810 30 10199
1625190022735 30 10249
1625190070366 30 10299
1625190092659 30 10322
1625190147796 30 10322
1625190202536 31 10349
1625190253351 31 10399
1625190305552 31 10449
1625190357202 31 10499
1625190408656 31 10549
1625190459597 31 10599
1625190505880 31 10649
1625190512415 31 10655
1625190571144 31 10655
1625190650895 32 10699
1625190702186 32 10749
1625190753634 32 10799
1625190804187 32 10849
1625190855477 32 10899
1625190904327 32 10949
1625190941421 32 10988
1625190998150 32 10988
1625191039456 33 10999
1625191093734 33 11049
1625191145548 33 11099
1625191197026 33 11149
1625191248179 33 11199
1625191299714 33 11249
1625191347112 33 11299
1625191368593 33 11321
1625191423677 33 11321
1625191482507 34 11349
1625191534419 34 11399
1625191585985 34 11449
1625191637721 34 11499
1625191689207 34 11549
1625191740251 34 11599
1625191786581 34 11649
1625191791957 34 11654
1625191856205 34 11654
1625191931186 35 11699
1625191982830 35 11749
1625192034075 35 11799
1625192085132 35 11849
1625192136788 35 11899
1625192185010 35 11949
1625192221106 35 11987
1625192276157 35 11987
1625192326348 36 11999
1625192377198 36 12049
1625192429042 36 12099
1625192479678 36 12149
1625192531033 36 12199
1625192581404 36 12249
1625192628712 36 12299
1625192649280 36 12320
1625192708624 36 12320
1625192767893 37 12349
1625192819340 37 12399
1625192871298 37 12449
1625192923092 37 12499
1625192976352 37 12549
1625193026663 37 12599
1625193073008 37 12649
1625193078039 37 12653
1625193136346 37 12653
1625193224043 38 12699
1625193275977 38 12749
1625193327850 38 12799
1625193378668 38 12849
1625193430446 38 12899
1625193479456 38 12949
1625193514777 38 12986
1625193574321 38 12986
1625193615385 39 12999
1625193669017 39 13049
1625193721081 39 13099
1625193772761 39 13149
1625193824377 39 13199
1625193876352 39 13249
1625193923468 39 13299
1625193942582 39 13319
1625194000332 39 13319
1625194063321 40 13349
1625194115292 40 13399
1625194166458 40 13449
1625194217845 40 13499
1625194268674 40 13549
1625194319141 40 13599
1625194365437 40 13649
1625194369135 40 13652
1625194421469 40 13652
1625194503232 41 13699
1625194554783 41 13749
1625194606851 41 13799
1625194658025 41 13849
1625194709047 41 13899
1625194757662 41 13949
1625194792008 41 13985
1625194850273 41 13985
1625194898285 42 13999
1625194952008 42 14049
1625195003129 42 14099
1625195054331 42 14149
1625195105682 42 14199
1625195156587 42 14249
1625195203411 42 14299
1625195221981 42 14318
1625195279842 42 14318
1625195338909 43 14349
1625195389976 43 14399
1625195441694 43 14449
1625195493584 43 14499
1625195545108 43 14549
1625195595325 43 14599
1625195641643 43 14649
1625195644516 43 14651
1625195697166 43 14651
1625195776892 44 14699
1625195828210 44 14749
1625195879714 44 14799
1625195930946 44 14849
1625195982054 44 14899
1625196030790 44 14949
1625196064256 44 14984
1625196125290 44 14984
1625196174321 45 14999
1625196227731 45 15049
1625196279925 45 15099
1625196330801 45 15149
1625196382103 45 15199
1625196433250 45 15249
1625196480298 45 15299
1625196498087 45 15317
1625196554396 45 15317
1625196617591 46 15349
1625196668827 46 15399
1625196721091 46 15449
1625196772274 46 15499
1625196824096 46 15549
1625196873977 46 15599
1625196920300 46 15649
1625196922279 46 15650
1625196980284 46 15650
1625197064676 47 15699
1625197116489 47 15749
1625197168476 47 15799
1625197220018 47 15849
1625197271789 47 15899
1625197320535 47 15949
1625197352739 47 15983
1625197410439 47 15983
1625197460361 48 15999
1625197511427 48 16049
1625197562735 48 16099
1625197614352 48 16149
1625197665651 48 16199
1625197716491 48 16249
1625197763072 48 16299
1625197779696 48 16316
1625197836458 48 16316
1625197905394 49 16349
1625197956744 49 16399
1625198007980 49 16449
1625198059577 49 16499
1625198110039 49 16549
1625198161187 49 16599
1625198208356 49 16649
1625198208485 49 16649
1625198265588 49 16649
