1625176926096 0.001 0
1625177354707 0.0009990133642141358 333
1625177776525 0.000996057350657239 666
1625178209130 0.0009911436253643444 999
1625178633633 0.0009842915805643156 1332
1625179056452 0.0009755282581475769 1665
1625179482290 0.0009648882429441258 1998
1625179907042 0.0009524135262330099 2331
1625180329791 0.0009381533400219318 2664
1625180753529 0.0009221639627510075 2997
1625181180179 0.0009045084971874736 3330
1625181603522 0.0008852566213878945 3663
1625182026370 0.0008644843137107056 3996
1625182451580 0.0008422735529643443 4329
1625182876452 0.0008187119948743448 4662
1625183306942 0.0007938926261462366 4995
1625183733520 0.0007679133974894982 5328
1625184163304 0.0007408768370508576 5661
1625184596580 0.0007128896457825362 5994
1625185028302 0.0006840622763423389 6327
1625185457041 0.0006545084971874735 6660
1625185880928 0.0006243449435824271 6993
1625186310277 0.0005936906572928622 7326
1625186737949 0.000562666616782152 7659
1625187162928 0.0005313952597646566 7992
1625187591282 0.0004999999999999998 8325
1625188015620 0.00046860474023534314 8658
1625188445417 0.00043733338321784774 8991
1625188879493 0.00040630934270713756 9324
1625189301859 0.00037565505641757246 9657
1625189721791 0.00034549150281252633 9990
1625190147802 0.00031593772365766105 10323
1625190571150 0.00028711035421746355 10656
1625190998155 0.0002591231629491422 10989
1625191423682 0.00023208660251050145 11322
1625191856218 0.00020610737385376337 11655
1625192276163 0.00018128800512565502 11988
1625192708644 0.00015772644703565555 12321
1625193136373 0.00013551568628929425 12654
1625193574333 0.00011474337861210535 12987
1625194000338 9.549150281252626e-05 13320
1625194421486 7.783603724899252e-05 13653
1625194850279 6.184665997806817e-05 13986
1625195279848 4.7586473766990294e-05 14319
1625195697192 3.5111757055874305e-05 14652
1625196125305 2.4471741852423218e-05 14985
1625196554402 1.5708419435684507e-05 15318
1625196980290 8.856374635655634e-06 15651
1625197410445 3.942649342761115e-06 15984
1625197836497 9.866357858642198e-07 16317
