1625177013679 0.6308982968330383 49
1625177065772 0.5508427619934082 99
1625177117314 0.554931104183197 149
1625177167606 0.558306097984314 199
1625177218103 0.5001945495605469 249
1625177266552 0.4721126854419708 299
1625177354625 0.4436032176017761 0
1625177394493 0.5042387247085571 349
1625177453474 0.47932443022727966 399
1625177505176 0.49033674597740173 449
1625177556092 0.45247209072113037 499
1625177607197 0.4595598578453064 549
1625177657748 0.49926725029945374 599
1625177704500 0.450634241104126 649
1625177776444 0.4268198609352112 1
1625177849627 0.4827139675617218 699
1625177900910 0.4659120440483093 749
1625177952335 0.41577643156051636 799
1625178004232 0.42322325706481934 849
1625178055368 0.4300949275493622 899
1625178105775 0.4347785711288452 949
1625178209049 0.42863044142723083 2
1625178232995 0.41405797004699707 999
1625178292975 0.4882621765136719 1049
1625178343773 0.45746320486068726 1099
1625178394674 0.4629284143447876 1149
1625178445394 0.40381932258605957 1199
1625178497161 0.4441547691822052 1249
1625178545614 0.460074245929718 1299
1625178633564 0.5046167373657227 3
1625178682133 0.416980504989624 1349
1625178733843 0.45248156785964966 1399
1625178785930 0.4358276128768921 1449
1625178836758 0.42221489548683167 1499
1625178887787 0.44959425926208496 1549
1625178938525 0.44897037744522095 1599
1625178984888 0.41800323128700256 1649
1625179056303 0.5162070393562317 4
1625179126788 0.41489481925964355 1699
1625179178433 0.46846282482147217 1749
1625179230189 0.40307164192199707 1799
1625179281577 0.41209906339645386 1849
1625179332044 0.4290078282356262 1899
1625179381878 0.4568924307823181 1949
1625179482191 0.19190162420272827 5
1625179510531 0.47765570878982544 1999
1625179566880 0.42711544036865234 2049
1625179618330 0.4036969542503357 2099
1625179670032 0.44325268268585205 2149
1625179721523 0.4562036991119385 2199
1625179773076 0.4310716986656189 2249
1625179821246 0.4574761688709259 2299
1625179906906 0.13820378482341766 6
1625179955931 0.41105714440345764 2349
1625180006816 0.4251368045806885 2399
1625180057892 0.413166344165802 2449
1625180109335 0.4207311272621155 2499
1625180161070 0.42062851786613464 2549
1625180212903 0.41115403175354004 2599
1625180259435 0.40960827469825745 2649
1625180329670 0.29834216833114624 7
1625180395999 0.4183380603790283 2699
1625180446698 0.36648333072662354 2749
1625180497376 0.41683778166770935 2799
1625180548133 0.4591716527938843 2849
1625180599274 0.37051111459732056 2899
1625180648583 0.4096117615699768 2949
1625180753470 0.22416293621063232 8
1625180786524 0.39620697498321533 2999
1625180842925 0.40197163820266724 3049
1625180894706 0.42127978801727295 3099
1625180945980 0.4174557030200958 3149
1625180997073 0.40134119987487793 3199
1625181047870 0.4089590907096863 3249
1625181095883 0.41549551486968994 3299
1625181179980 0.46448224782943726 9
1625181227341 0.4050154685974121 3349
1625181281404 0.4361295700073242 3399
1625181333288 0.4230079650878906 3449
1625181385172 0.4202248454093933 3499
1625181435906 0.3806213140487671 3549
1625181486525 0.4533776640892029 3599
1625181532953 0.45269307494163513 3649
1625181603433 0.46188244223594666 10
1625181675401 0.39457646012306213 3699
1625181726488 0.4454371929168701 3749
1625181778177 0.4077748656272888 3799
1625181830062 0.41642236709594727 3849
1625181881853 0.3810151219367981 3899
1625181932145 0.4045827090740204 3949
1625182026309 0.4465545415878296 11
1625182056700 0.4056508541107178 3999
1625182112079 0.4190482199192047 4049
1625182163791 0.40161752700805664 4099
1625182215750 0.3921830356121063 4149
1625182266957 0.4011980891227722 4199
1625182319249 0.37810391187667847 4249
1625182367436 0.38897275924682617 4299
1625182451528 0.17193499207496643 12
1625182503209 0.40755993127822876 4349
1625182554016 0.380664199590683 4399
1625182606952 0.36974626779556274 4449
1625182658830 0.4004427194595337 4499
1625182711193 0.40963077545166016 4549
1625182762364 0.3684985935688019 4599
1625182808648 0.40238988399505615 4649
1625182876367 0.4125531315803528 13
1625182951058 0.41893887519836426 4699
1625183002602 0.38912832736968994 4749
1625183054008 0.43429598212242126 4799
1625183105160 0.4096542298793793 4849
1625183156483 0.40178945660591125 4899
1625183205922 0.4168931841850281 4949
1625183306702 0.5306606888771057 14
1625183339291 0.40958595275878906 4999
1625183394064 0.41698479652404785 5049
1625183445925 0.4263263940811157 5099
1625183497407 0.39599424600601196 5149
1625183548611 0.42109841108322144 5199
1625183599511 0.40637439489364624 5249
1625183647530 0.4218031167984009 5299
1625183733451 0.2489137351512909 15
1625183791928 0.45050284266471863 5349
1625183842823 0.38425225019454956 5399
1625183894225 0.36496055126190186 5449
1625183945521 0.3903658390045166 5499
1625183996293 0.40269145369529724 5549
1625184047513 0.39860430359840393 5599
1625184093807 0.41770175099372864 5649
1625184163254 0.28194332122802734 16
1625184236790 0.3939422070980072 5699
1625184288979 0.4484478831291199 5749
1625184340904 0.38516944646835327 5799
1625184392449 0.42310452461242676 5849
1625184443754 0.4559832215309143 5899
1625184492997 0.38449224829673767 5949
1625184596482 0.21175524592399597 17
1625184631966 0.44671350717544556 5999
1625184688177 0.39361101388931274 6049
1625184739753 0.4174882769584656 6099
1625184791300 0.40703368186950684 6149
1625184842416 0.40818268060684204 6199
1625184893556 0.37817615270614624 6249
1625184941554 0.3811381459236145 6299
1625185028147 0.5274155139923096 18
1625185086497 0.42644834518432617 6349
1625185137507 0.3873022198677063 6399
1625185189515 0.43482494354248047 6449
1625185241404 0.3868471384048462 6499
1625185292881 0.35992807149887085 6549
1625185343443 0.42491084337234497 6599
1625185389718 0.37116920948028564 6649
1625185456815 0.8100855350494385 19
1625185532246 0.4147186279296875 6699
1625185582895 0.4181596636772156 6749
1625185634043 0.37543269991874695 6799
1625185684807 0.4256253242492676 6849
1625185735115 0.38596177101135254 6899
1625185783769 0.3951749801635742 6949
1625185880822 0.5173738598823547 20
1625185916748 0.4018394947052002 6999
1625185974817 0.40031054615974426 7049
1625186026122 0.3859003484249115 7099
1625186077257 0.39763349294662476 7149
1625186128273 0.4282054901123047 7199
1625186179415 0.3775002956390381 7249
1625186227414 0.4465318024158478 7299
1625186310168 0.5499910712242126 21
1625186369122 0.4212329685688019 7349
1625186419640 0.408818781375885 7399
1625186470996 0.4122820198535919 7449
1625186521678 0.445656418800354 7499
1625186572414 0.39229118824005127 7549
1625186623043 0.4285069406032562 7599
1625186669398 0.3961631655693054 7649
1625186737835 0.39887383580207825 22
1625186807902 0.3952416181564331 7699
1625186859761 0.413968026638031 7749
1625186911794 0.3861982822418213 7799
1625186963176 0.430627703666687 7849
1625187014035 0.4208715558052063 7899
1625187063501 0.3884299397468567 7949
1625187162846 0.37200093269348145 23
1625187199112 0.4497990310192108 7999
1625187259447 0.415105938911438 8049
1625187311682 0.3799089193344116 8099
1625187363436 0.37711232900619507 8149
1625187414997 0.4084430932998657 8199
1625187466841 0.4107041358947754 8249
1625187514445 0.38237643241882324 8299
1625187591008 0.4915834963321686 24
1625187642321 0.40458664298057556 8349
1625187693158 0.404147744178772 8399
1625187745655 0.40985119342803955 8449
1625187797417 0.4171740412712097 8499
1625187850340 0.3761625289916992 8549
1625187901987 0.4229698181152344 8599
1625187948282 0.385675311088562 8649
1625188015548 0.5386022925376892 25
1625188093189 0.42880117893218994 8699
1625188144913 0.3883487582206726 8749
1625188197407 0.41226476430892944 8799
1625188249239 0.4159952998161316 8849
1625188300824 0.3902641534805298 8899
1625188349971 0.3911886215209961 8949
1625188445324 0.2724267244338989 26
1625188486082 0.448146790266037 8999
1625188541844 0.4009079337120056 9049
1625188593719 0.4160522222518921 9099
1625188645682 0.40598148107528687 9149
1625188697619 0.37957504391670227 9199
1625188748599 0.4065535068511963 9249
1625188796248 0.3836977481842041 9299
1625188879364 0.26835405826568604 27
1625188938466 0.4065116345882416 9349
1625188989315 0.3938106298446655 9399
1625189043221 0.3843657672405243 9449
1625189094088 0.3850252628326416 9499
1625189145090 0.41871708631515503 9549
1625189195804 0.38780075311660767 9599
1625189242087 0.41669321060180664 9649
1625189301738 0.16474534571170807 28
1625189371549 0.41769278049468994 9699
1625189423011 0.39860162138938904 9749
1625189474284 0.37405264377593994 9799
1625189525116 0.37007418274879456 9849
1625189576459 0.37664908170700073 9899
1625189625575 0.34530535340309143 9949
1625189721580 0.258661150932312 29
1625189759599 0.38145017623901367 9999
1625189817388 0.3718057870864868 10049
1625189869067 0.40751057863235474 10099
1625189920323 0.4117664694786072 10149
1625189971810 0.36688804626464844 10199
1625190022735 0.38175034523010254 10249
1625190070366 0.4126545190811157 10299
1625190147690 0.4288567900657654 30
1625190202536 0.3787553012371063 10349
1625190253351 0.35813164710998535 10399
1625190305552 0.38261815905570984 10449
1625190357202 0.36543768644332886 10499
1625190408656 0.38907432556152344 10549
1625190459597 0.44040489196777344 10599
1625190505880 0.4004932641983032 10649
1625190571050 0.389157235622406 31
1625190650895 0.3873417377471924 10699
1625190702186 0.40387558937072754 10749
1625190753634 0.3921065330505371 10799
1625190804187 0.38110971450805664 10849
1625190855477 0.3558351695537567 10899
1625190904327 0.37855756282806396 10949
1625190998040 0.380307674407959 32
1625191039456 0.3871021270751953 10999
1625191093734 0.37097907066345215 11049
1625191145548 0.41430145502090454 11099
1625191197026 0.396058589220047 11149
1625191248179 0.3819141983985901 11199
1625191299714 0.3515903353691101 11249
1625191347112 0.3919859230518341 11299
1625191423591 0.3371754586696625 33
1625191482507 0.39642876386642456 11349
1625191534419 0.38157930970191956 11399
1625191585985 0.38423073291778564 11449
1625191637721 0.37655889987945557 11499
1625191689207 0.39687931537628174 11549
1625191740251 0.41625863313674927 11599
1625191786581 0.3548155725002289 11649
1625191855961 0.45805829763412476 34
1625191931186 0.38075780868530273 11699
1625191982830 0.40426376461982727 11749
1625192034075 0.3818986415863037 11799
1625192085132 0.3810563087463379 11849
1625192136788 0.3786732852458954 11899
1625192185010 0.38203415274620056 11949
1625192275987 0.34039661288261414 35
1625192326348 0.3893578052520752 11999
1625192377198 0.44275397062301636 12049
1625192429042 0.378717303276062 12099
1625192479678 0.3901384472846985 12149
1625192531033 0.37558668851852417 12199
1625192581404 0.41269442439079285 12249
1625192628712 0.39690035581588745 12299
1625192708509 0.5240812301635742 36
1625192767893 0.37474820017814636 12349
1625192819340 0.4124812185764313 12399
1625192871298 0.3784100413322449 12449
1625192923092 0.40315836668014526 12499
1625192976352 0.39351698756217957 12549
1625193026663 0.4213886260986328 12599
1625193073008 0.3813258409500122 12649
1625193136116 0.6008614897727966 37
1625193224043 0.409985214471817 12699
1625193275977 0.38493502140045166 12749
1625193327850 0.4096938967704773 12799
1625193378668 0.3628881573677063 12849
1625193430446 0.4043785333633423 12899
1625193479456 0.37909719347953796 12949
1625193574215 0.2762865722179413 38
1625193615385 0.39292052388191223 12999
1625193669017 0.3794671893119812 13049
1625193721081 0.3995338976383209 13099
1625193772761 0.37567681074142456 13149
1625193824377 0.38257408142089844 13199
1625193876352 0.41789209842681885 13249
1625193923468 0.35227853059768677 13299
1625194000140 0.3412865102291107 39
1625194063321 0.4170393943786621 13349
1625194115292 0.401610404253006 13399
1625194166458 0.38086724281311035 13449
1625194217845 0.40063756704330444 13499
1625194268674 0.3790781795978546 13549
1625194319141 0.43945497274398804 13599
1625194365437 0.3848719596862793 13649
1625194421358 0.3934020698070526 40
1625194503232 0.39958006143569946 13699
1625194554783 0.3665696382522583 13749
1625194606851 0.391715407371521 13799
1625194658025 0.3651214838027954 13849
1625194709047 0.41896510124206543 13899
1625194757662 0.4020436406135559 13949
1625194850082 0.3649129271507263 41
1625194898285 0.3613596558570862 13999
1625194952008 0.369697242975235 14049
1625195003129 0.392605185508728 14099
1625195054331 0.40316420793533325 14149
1625195105682 0.36690807342529297 14199
1625195156587 0.3608383536338806 14249
1625195203411 0.43124285340309143 14299
1625195279800 0.38751381635665894 42
1625195338909 0.4295932650566101 14349
1625195389976 0.43452560901641846 14399
1625195441694 0.3858834207057953 14449
1625195493584 0.3475911021232605 14499
1625195545108 0.3872908353805542 14549
1625195595325 0.3952823579311371 14599
1625195641643 0.4074234962463379 14649
1625195697105 0.6318991184234619 43
1625195776892 0.41213786602020264 14699
1625195828210 0.39870208501815796 14749
1625195879714 0.4005291759967804 14799
1625195930946 0.3978424668312073 14849
1625195982054 0.42586207389831543 14899
1625196030790 0.38845205307006836 14949
1625196125083 0.325748085975647 44
1625196174321 0.37750646471977234 14999
1625196227731 0.3732811212539673 15049
1625196279925 0.3588787019252777 15099
1625196330801 0.3883178234100342 15149
1625196382103 0.42617088556289673 15199
1625196433250 0.388510525226593 15249
1625196480298 0.4203052520751953 15299
1625196554327 0.22247308492660522 45
1625196617591 0.4125604033470154 15349
1625196668827 0.4560430645942688 15399
1625196721091 0.3848840594291687 15449
1625196772274 0.4127346873283386 15499
1625196824096 0.361269474029541 15549
1625196873977 0.3829723596572876 15599
1625196920300 0.39038702845573425 15649
1625196980210 0.21776148676872253 46
1625197064676 0.376468300819397 15699
1625197116489 0.38048210740089417 15749
1625197168476 0.4559043049812317 15799
1625197220018 0.37592291831970215 15849
1625197271789 0.3636355996131897 15899
1625197320535 0.39743879437446594 15949
1625197410376 0.3648459315299988 47
1625197460361 0.3938210904598236 15999
1625197511427 0.38321784138679504 16049
1625197562735 0.41750097274780273 16099
1625197614352 0.372567355632782 16149
1625197665651 0.3421039283275604 16199
1625197716491 0.39797937870025635 16249
1625197763072 0.36057499051094055 16299
1625197836327 0.4022607207298279 48
1625197905394 0.3949684500694275 16349
1625197956744 0.38372913002967834 16399
1625198007980 0.40829893946647644 16449
1625198059577 0.40062451362609863 16499
1625198110039 0.37544775009155273 16549
1625198161187 0.4117885231971741 16599
1625198208356 0.385498046875 16649
1625198265487 0.385498046875 49
