1625177354625 0.4436032176017761 0
1625177776444 0.4268198609352112 1
1625178209049 0.42863044142723083 2
1625178633564 0.5046167373657227 3
1625179056303 0.5162070393562317 4
1625179482191 0.19190162420272827 5
1625179906906 0.13820378482341766 6
1625180329670 0.29834216833114624 7
1625180753470 0.22416293621063232 8
1625181179980 0.46448224782943726 9
1625181603433 0.46188244223594666 10
1625182026309 0.4465545415878296 11
1625182451528 0.17193499207496643 12
1625182876367 0.4125531315803528 13
1625183306702 0.5306606888771057 14
1625183733451 0.2489137351512909 15
1625184163254 0.28194332122802734 16
1625184596482 0.21175524592399597 17
1625185028147 0.5274155139923096 18
1625185456815 0.8100855350494385 19
1625185880822 0.5173738598823547 20
1625186310168 0.5499910712242126 21
1625186737835 0.39887383580207825 22
1625187162846 0.37200093269348145 23
1625187591008 0.4915834963321686 24
1625188015548 0.5386022925376892 25
1625188445324 0.2724267244338989 26
1625188879364 0.26835405826568604 27
1625189301738 0.16474534571170807 28
1625189721580 0.258661150932312 29
1625190147690 0.4288567900657654 30
1625190571050 0.389157235622406 31
1625190998040 0.380307674407959 32
1625191423591 0.3371754586696625 33
1625191855961 0.45805829763412476 34
1625192275987 0.34039661288261414 35
1625192708509 0.5240812301635742 36
1625193136116 0.6008614897727966 37
1625193574215 0.2762865722179413 38
1625194000140 0.3412865102291107 39
1625194421358 0.3934020698070526 40
1625194850082 0.3649129271507263 41
1625195279800 0.38751381635665894 42
1625195697105 0.6318991184234619 43
1625196125083 0.325748085975647 44
1625196554327 0.22247308492660522 45
1625196980210 0.21776148676872253 46
1625197410376 0.3648459315299988 47
1625197836327 0.4022607207298279 48
1625198265487 0.385498046875 49
