1625177297893 0.5464707612991333 332
1625177354625 0.5464707612991333 0
1625177720204 0.4705766439437866 665
1625177776444 0.4705766439437866 1
1625178152140 0.4526478052139282 998
1625178209049 0.4526478052139282 2
1625178576312 0.4415720999240875 1331
1625178633564 0.4415720999240875 3
1625178999808 0.4361693859100342 1664
1625179056303 0.4361693859100342 4
1625179427429 0.43100881576538086 1997
1625179482191 0.43100881576538086 5
1625179851049 0.42967742681503296 2330
1625179906906 0.42967742681503296 6
1625180273271 0.42459848523139954 2663
1625180329670 0.42459848523139954 7
1625180693539 0.41886213421821594 2996
1625180753470 0.41886213421821594 8
1625181124213 0.4180990755558014 3329
1625181179980 0.4180990755558014 9
1625181545909 0.4143458306789398 3662
1625181603433 0.4143458306789398 10
1625181975287 0.41443386673927307 3995
1625182026309 0.41443386673927307 11
1625182395157 0.41237127780914307 4328
1625182451528 0.41237127780914307 12
1625182820721 0.41100597381591797 4661
1625182876367 0.41100597381591797 13
1625183248683 0.4079481065273285 4994
1625183306702 0.4079481065273285 14
1625183674503 0.40784981846809387 5327
1625183733451 0.40784981846809387 15
1625184105096 0.4057087302207947 5660
1625184163254 0.4057087302207947 16
1625184534855 0.40789926052093506 5993
1625184596482 0.40789926052093506 17
1625184967716 0.40512558817863464 6326
1625185028147 0.40512558817863464 18
1625185399632 0.4024934768676758 6659
1625185456815 0.4024934768676758 19
1625185824436 0.4065685570240021 6992
1625185880822 0.4065685570240021 20
1625186252072 0.4029640257358551 7325
1625186310168 0.4029640257358551 21
1625186678671 0.40312623977661133 7658
1625186737835 0.40312623977661133 22
1625187103948 0.40015560388565063 7991
1625187162846 0.40015560388565063 23
1625187538552 0.4013626277446747 8324
1625187591008 0.4013626277446747 24
1625187956717 0.3978331685066223 8657
1625188015548 0.3978331685066223 25
1625188389068 0.3989078104496002 8990
1625188445324 0.3989078104496002 26
1625188819633 0.3986937999725342 9323
1625188879364 0.3986937999725342 27
1625189249283 0.39883551001548767 9656
1625189301738 0.39883551001548767 28
1625189663468 0.3970276713371277 9989
1625189721580 0.3970276713371277 29
1625190092659 0.3970818519592285 10322
1625190147690 0.3970818519592285 30
1625190512415 0.39686864614486694 10655
1625190571050 0.39686864614486694 31
1625190941421 0.3946075439453125 10988
1625190998040 0.3946075439453125 32
1625191368593 0.39360377192497253 11321
1625191423591 0.39360377192497253 33
1625191791957 0.39388638734817505 11654
1625191855961 0.39388638734817505 34
1625192221106 0.3927769660949707 11987
1625192275987 0.3927769660949707 35
1625192649280 0.39343759417533875 12320
1625192708509 0.39343759417533875 36
1625193078039 0.3931615352630615 12653
1625193136116 0.3931615352630615 37
1625193514777 0.39217495918273926 12986
1625193574215 0.39217495918273926 38
1625193942582 0.39235445857048035 13319
1625194000140 0.39235445857048035 39
1625194369135 0.38924339413642883 13652
1625194421358 0.38924339413642883 40
1625194792008 0.39187413454055786 13985
1625194850082 0.39187413454055786 41
1625195221981 0.38967880606651306 14318
1625195279800 0.38967880606651306 42
1625195644516 0.39170730113983154 14651
1625195697105 0.39170730113983154 43
1625196064256 0.3914503753185272 14984
1625196125083 0.3914503753185272 44
1625196498087 0.39265578985214233 15317
1625196554327 0.39265578985214233 45
1625196922279 0.3903607130050659 15650
1625196980210 0.3903607130050659 46
1625197352739 0.3905075490474701 15983
1625197410376 0.3905075490474701 47
1625197779696 0.3904588222503662 16316
1625197836327 0.3904588222503662 48
1625198208485 0.3905254006385803 16649
1625198265487 0.3905254006385803 49
